-0.012135	1.000000
-0.016001	1.000000
-0.022446	1.000000
-0.036623	1.000000
-0.057244	1.000000
-0.093331	1.000000
-0.121686	1.000000
-0.152618	1.000000
-0.180972	1.000000
-0.195149	1.000000
-0.240259	1.000000
-0.269902	1.000000
-0.300834	1.000000
-0.342077	1.000000
-0.369142	1.000000
-0.397497	1.000000
-0.410385	1.000000
-0.436162	1.000000
-0.472249	1.000000
-0.496737	1.000000
-0.517358	1.000000
-0.550868	1.000000
-0.571489	1.000000
-0.590822	1.000000
-0.606288	1.000000
-0.625620	1.000000
-0.641086	1.000000
-0.648819	1.000000
-0.665574	1.000000
-0.714550	1.000000
-0.726150	1.000000
-0.732594	1.000000
-0.749349	1.000000
-0.754504	1.000000
-0.764815	1.000000
-0.778992	1.000000
-0.785436	1.000000
-0.794458	1.000000
-0.802191	1.000000
-0.809924	1.000000
-0.818946	1.000000
-0.825390	1.000000
-0.835701	1.000000
-0.843434	1.000000
-0.846011	1.000000
-0.855033	1.000000
-0.862766	1.000000
-0.876943	1.000000
-0.880810	1.000000
-0.885965	1.000000
-0.891120	1.000000
-0.891120	1.000000
-0.898853	1.000000
-0.901431	1.000000
-0.906586	1.000000
-0.913031	1.000000
-0.920764	1.000000
-0.923341	1.000000
-0.924630	1.000000
-0.927208	1.000000
-0.937519	1.000000
-0.942674	1.000000
-0.943963	1.000000
-0.945252	1.000000
-0.947829	1.000000
-0.951696	1.000000
-0.954273	1.000000
-0.958140	1.000000
-0.960718	1.000000
-0.962006	1.000000
-0.963295	1.000000
-0.964584	1.000000
-0.965873	1.000000
-0.968451	1.000000
-0.969739	1.000000
-0.969739	1.000000
-0.969739	1.000000
-0.969739	1.000000
-0.971028	1.000000
-0.971028	1.000000
-0.972317	1.000000
-0.972317	1.000000
-0.973606	1.000000
-0.973606	1.000000
-0.974895	1.000000
-0.974895	1.000000
-0.974895	1.000000
-0.974895	1.000000
-0.974895	1.000000
-0.974895	1.000000
-0.976184	1.000000
-0.976184	1.000000
-0.976184	1.000000
-0.976184	1.000000
-0.977472	1.000000
-0.977472	1.000000
-0.977472	1.000000
-0.977472	1.000000
-0.978761	1.000000
-0.977472	1.000000
-0.977472	1.000000
-0.978761	1.000000
-0.978761	1.000000
-0.978761	1.000000
-0.978761	1.000000
-0.978761	1.000000
-0.978761	1.000000
-0.978761	1.000000
-0.980050	1.000000
-0.978761	1.000000
-0.980050	1.000000
-0.981339	1.000000
-0.980050	1.000000
-0.980050	1.000000
-0.980050	1.000000
-0.980050	1.000000
-0.981339	1.000000
-0.981339	1.000000
-0.981339	1.000000
-0.980050	1.000000
-0.980050	1.000000
-0.981339	1.000000
-0.981339	1.000000
-0.981339	1.000000
-0.981339	1.000000
-0.981339	1.000000
-0.981339	1.000000
-0.982628	1.000000
-0.981339	1.000000
-0.981339	1.000000
-0.981339	1.000000
-0.982628	1.000000
-0.982628	1.000000
-0.982628	1.000000
-0.982628	1.000000
-0.982628	1.000000
-0.982628	1.000000
-0.982628	1.000000
-0.981339	1.000000
-0.982628	1.000000
-0.983917	1.000000
-0.981339	1.000000
-0.982628	1.000000
-0.982628	1.000000
-0.982628	1.000000
-0.982628	1.000000
-0.982628	1.000000
-0.983917	1.000000
-0.982628	1.000000
-0.983917	1.000000
-0.982628	1.000000
-0.983917	1.000000
-0.983917	1.000000
-0.983917	1.000000
-0.983917	1.000000
-0.983917	1.000000
-0.983917	1.000000
-0.983917	1.000000
-0.985205	1.000000
-0.983917	1.000000
-0.983917	1.000000
-0.983917	1.000000
-0.983917	1.000000
-0.983917	1.000000
-0.983917	1.000000
-0.985205	1.000000
-0.985205	1.000000
-0.985205	1.000000
-0.985205	1.000000
-0.985205	1.000000
-0.985205	1.000000
-0.983917	1.000000
-0.985205	1.000000
-0.985205	1.000000
-0.983917	1.000000
-0.983917	1.000000
-0.985205	1.000000
-0.983917	1.000000
-0.985205	1.000000
-0.985205	1.000000
-0.983917	1.000000
-0.983917	1.000000
-0.985205	1.000000
-0.985205	1.000000
-0.985205	1.000000
-0.985205	1.000000
-0.985205	1.000000
-0.985205	1.000000
-0.985205	1.000000
-0.985205	1.000000
-0.985205	1.000000
-0.985205	1.000000
-0.985205	1.000000
-0.985205	1.000000
-0.985205	1.000000
-0.985205	1.000000
-0.985205	1.000000
-0.985205	1.000000
-0.985205	1.000000
-0.985205	1.000000
-0.985205	1.000000
-0.986494	1.000000
-0.985205	1.000000
-0.986494	1.000000
-0.985205	1.000000
-0.986494	1.000000
-0.986494	1.000000
-0.985205	1.000000
-0.985205	1.000000
-0.986494	1.000000
-0.985205	1.000000
-0.985205	1.000000
-0.985205	1.000000
-0.986494	1.000000
-0.985205	1.000000
-0.986494	1.000000
-0.985205	1.000000
-0.986494	1.000000
-0.986494	1.000000
-0.986494	1.000000
-0.985205	1.000000
-0.986494	1.000000
-0.985205	1.000000
-0.986494	1.000000
-0.985205	1.000000
-0.985205	1.000000
-0.985205	1.000000
-0.985205	1.000000
-0.985205	1.000000
-0.985205	1.000000
-0.986494	1.000000
-0.986494	1.000000
-0.986494	1.000000
-0.986494	1.000000
-0.985205	1.000000
-0.986494	1.000000
-0.985205	1.000000
-0.985205	1.000000
-0.986494	1.000000
-0.985205	1.000000
-0.986494	1.000000
-0.986494	1.000000
-0.986494	1.000000
-0.986494	1.000000
-0.986494	1.000000
-0.986494	1.000000
-0.985205	1.000000
-0.986494	1.000000
-0.986494	1.000000
-0.985205	1.000000
-0.986494	1.000000
-0.986494	1.000000
-0.986494	1.000000
-0.986494	1.000000
-0.986494	1.000000
-0.986494	1.000000
-0.986494	1.000000
-0.986494	1.000000
-0.986494	1.000000
-0.987783	1.000000
-0.986494	1.000000
-0.986494	1.000000
-0.985205	1.000000
-0.986494	1.000000
-0.986494	1.000000
-0.986494	1.000000
-0.986494	1.000000
-0.986494	1.000000
-0.986494	1.000000
-0.986494	1.000000
-0.986494	1.000000
-0.986494	1.000000
-0.986494	1.000000
-0.986494	1.000000
-0.987783	1.000000
-0.986494	1.000000
-0.986494	1.000000
-0.986494	1.000000
-0.986494	1.000000
-0.986494	1.000000
-0.986494	1.000000
-0.986494	1.000000
-0.986494	1.000000
-0.986494	1.000000
-0.987783	1.000000
-0.986494	1.000000
-0.986494	1.000000
-0.986494	1.000000
-0.987783	1.000000
-0.986494	1.000000
-0.987783	1.000000
-0.986494	1.000000
-0.986494	1.000000
-0.986494	1.000000
-0.987783	1.000000
-0.986494	1.000000
-0.986494	1.000000
-0.987783	1.000000
-0.986494	1.000000
-0.987783	1.000000
-0.987783	1.000000
-0.986494	1.000000
-0.986494	1.000000
-0.986494	1.000000
-0.986494	1.000000
-0.986494	1.000000
-0.986494	1.000000
-0.986494	1.000000
-0.986494	1.000000
-0.986494	1.000000
-0.986494	1.000000
-0.986494	1.000000
-0.986494	1.000000
-0.986494	1.000000
-0.987783	1.000000
-0.986494	1.000000
-0.987783	1.000000
-0.986494	1.000000
-0.986494	1.000000
-0.986494	1.000000
-0.986494	1.000000
-0.986494	1.000000
-0.986494	1.000000
-0.986494	1.000000
-0.986494	1.000000
-0.987783	1.000000
-0.987783	1.000000
-0.986494	1.000000
-0.986494	1.000000
-0.986494	1.000000
-0.987783	1.000000
-0.987783	1.000000
-0.987783	1.000000
-0.986494	1.000000
-0.987783	1.000000
-0.987783	1.000000
-0.987783	1.000000
-0.986494	1.000000
-0.987783	1.000000
-0.986494	1.000000
-0.987783	1.000000
-0.986494	1.000000
-0.986494	1.000000
-0.986494	1.000000
-0.986494	1.000000
-0.986494	1.000000
-0.986494	1.000000
-0.987783	1.000000
-0.987783	1.000000
-0.987783	1.000000
-0.987783	1.000000
-0.986494	1.000000
-0.987783	1.000000
-0.987783	1.000000
-0.987783	1.000000
-0.987783	1.000000
-0.986494	1.000000
-0.986494	1.000000
-0.987783	1.000000
-0.986494	1.000000
-0.986494	1.000000
-0.986494	1.000000
-0.986494	1.000000
-0.986494	1.000000
-0.987783	1.000000
-0.987783	1.000000
-0.987783	1.000000
-0.987783	1.000000
-0.986494	1.000000
-0.986494	1.000000
-0.987783	1.000000
-0.987783	1.000000
-0.986494	1.000000
-0.987783	1.000000
-0.987783	1.000000
-0.987783	1.000000
-0.987783	1.000000
-0.986494	1.000000
-0.987783	1.000000
-0.986494	1.000000
-0.987783	1.000000
-0.987783	1.000000
-0.987783	1.000000
-0.987783	1.000000
-0.987783	1.000000
-0.986494	1.000000
-0.986494	1.000000
-0.987783	1.000000
-0.987783	1.000000
-0.986494	1.000000
-0.986494	1.000000
-0.987783	1.000000
-0.989072	1.000000
-0.987783	1.000000
-0.987783	1.000000
-0.987783	1.000000
-0.987783	1.000000
-0.987783	1.000000
-0.987783	1.000000
-0.987783	1.000000
-0.986494	1.000000
-0.986494	1.000000
-0.986494	1.000000
-0.987783	1.000000
-0.987783	1.000000
-0.987783	1.000000
-0.987783	1.000000
-0.987783	1.000000
-0.987783	1.000000
-0.987783	1.000000
-0.987783	1.000000
-0.987783	1.000000
-0.987783	1.000000
-0.987783	1.000000
-0.987783	1.000000
-0.987783	1.000000
-0.987783	1.000000
-0.987783	1.000000
-0.987783	1.000000
-0.987783	1.000000
-0.989072	1.000000
-0.987783	1.000000
-0.987783	1.000000
-0.986494	1.000000
-0.987783	1.000000
-0.987783	1.000000
-0.987783	1.000000
-0.986494	1.000000
-0.987783	1.000000
-0.987783	1.000000
-0.987783	1.000000
-0.987783	1.000000
-0.987783	1.000000
-0.987783	1.000000
-0.987783	1.000000
-0.987783	1.000000
-0.987783	1.000000
-0.987783	1.000000
-0.987783	1.000000
-0.989072	1.000000
-0.987783	1.000000
-0.987783	1.000000
-0.986494	1.000000
-0.987783	1.000000
-0.987783	1.000000
-0.987783	1.000000
-0.987783	1.000000
-0.986494	1.000000
-0.987783	1.000000
-0.986494	1.000000
-0.987783	1.000000
-0.987783	1.000000
-0.987783	1.000000
-0.989072	1.000000
-0.987783	1.000000
-0.986494	1.000000
-0.987783	1.000000
-0.987783	1.000000
-0.987783	1.000000
-0.987783	1.000000
-0.989072	1.000000
-0.987783	1.000000
-0.987783	1.000000
-0.986494	1.000000
-0.987783	1.000000
-0.987783	1.000000
-0.987783	1.000000
-0.987783	1.000000
-0.987783	1.000000
-0.987783	1.000000
-0.987783	1.000000
-0.987783	1.000000
-0.987783	1.000000
-0.987783	1.000000
-0.987783	1.000000
-0.987783	1.000000
-0.987783	1.000000
-0.989072	1.000000
-0.987783	1.000000
-0.986494	1.000000
-0.987783	1.000000
-0.987783	1.000000
-0.987783	1.000000
-0.987783	1.000000
-0.987783	1.000000
-0.987783	1.000000
-0.987783	1.000000
-0.987783	1.000000
-0.987783	1.000000
-0.987783	1.000000
-0.987783	1.000000
-0.987783	1.000000
-0.989072	1.000000
-0.989072	1.000000
-0.987783	1.000000
-0.987783	1.000000
-0.987783	1.000000
-0.986494	1.000000
-0.987783	1.000000
-0.987783	1.000000
-0.986494	0.000000
-0.977472	0.000000
-0.962006	0.000000
-0.942674	0.000000
-0.862766	0.000000
-0.771259	0.000000
-0.744193	0.000000
-0.669441	0.000000
-0.641086	0.000000
-0.612732	0.000000
-0.572778	0.000000
-0.548290	0.000000
-0.485137	0.000000
-0.455494	0.000000
-0.433584	0.000000
-0.415540	0.000000
-0.379453	0.000000
-0.326611	0.000000
-0.269902	0.000000
-0.257014	0.000000
-0.240259	0.000000
-0.227370	0.000000
-0.219637	0.000000
-0.196438	0.000000
-0.187416	0.000000
-0.178395	0.000000
-0.171950	0.000000
-0.166795	0.000000
-0.156484	0.000000
-0.153907	0.000000
-0.147463	0.000000
-0.141018	0.000000
-0.134574	0.000000
-0.129419	0.000000
-0.120397	0.000000
-0.115242	0.000000
-0.113953	0.000000
-0.108797	0.000000
-0.104931	0.000000
-0.101064	0.000000
-0.095909	0.000000
-0.093331	0.000000
-0.089465	0.000000
-0.085598	0.000000
-0.081732	0.000000
-0.079154	0.000000
-0.072710	0.000000
-0.072710	0.000000
-0.068844	0.000000
-0.066266	0.000000
-0.064977	0.000000
-0.062399	0.000000
-0.058533	0.000000
-0.057244	0.000000
-0.057244	0.000000
-0.053378	0.000000
-0.052089	0.000000
-0.050800	0.000000
-0.046933	0.000000
-0.046933	0.000000
-0.045645	0.000000
-0.043067	0.000000
-0.041778	0.000000
-0.041778	0.000000
-0.039200	0.000000
-0.037912	0.000000
-0.037912	0.000000
-0.037912	0.000000
-0.034045	0.000000
-0.032756	0.000000
-0.031467	0.000000
-0.031467	0.000000
-0.030179	0.000000
-0.028890	0.000000
-0.028890	0.000000
-0.027601	0.000000
-0.026312	0.000000
-0.027601	0.000000
-0.026312	0.000000
-0.025023	0.000000
-0.025023	0.000000
-0.023734	0.000000
-0.022446	0.000000
-0.023734	0.000000
-0.022446	0.000000
-0.022446	0.000000
-0.021157	0.000000
-0.021157	0.000000
-0.019868	0.000000
-0.019868	0.000000
-0.019868	0.000000
-0.018579	0.000000
-0.018579	0.000000
-0.017290	0.000000
-0.017290	0.000000
-0.017290	0.000000
-0.016001	0.000000
-0.016001	0.000000
-0.016001	0.000000
-0.016001	0.000000
-0.016001	0.000000
-0.014713	0.000000
-0.014713	0.000000
-0.014713	0.000000
-0.014713	0.000000
-0.014713	0.000000
-0.013424	0.000000
-0.013424	0.000000
-0.014713	0.000000
-0.013424	0.000000
-0.012135	0.000000
-0.012135	0.000000
-0.012135	0.000000
-0.013424	0.000000
-0.012135	0.000000
-0.012135	0.000000
-0.010846	0.000000
-0.012135	0.000000
-0.010846	0.000000
-0.010846	0.000000
-0.010846	0.000000
-0.010846	0.000000
-0.010846	0.000000
-0.010846	0.000000
-0.010846	0.000000
-0.010846	0.000000
-0.010846	0.000000
-0.010846	0.000000
-0.010846	0.000000
-0.010846	0.000000
-0.009557	0.000000
-0.009557	0.000000
-0.009557	0.000000
-0.009557	0.000000
-0.009557	0.000000
-0.009557	0.000000
-0.010846	0.000000
-0.009557	0.000000
-0.009557	0.000000
-0.009557	0.000000
-0.009557	0.000000
-0.009557	0.000000
-0.008268	0.000000
-0.009557	0.000000
-0.009557	0.000000
-0.009557	0.000000
-0.009557	0.000000
-0.009557	0.000000
-0.009557	0.000000
-0.009557	0.000000
-0.009557	0.000000
-0.008268	0.000000
-0.008268	0.000000
-0.009557	0.000000
-0.008268	0.000000
-0.009557	0.000000
-0.008268	0.000000
-0.008268	0.000000
-0.008268	0.000000
-0.008268	0.000000
-0.008268	0.000000
-0.008268	0.000000
-0.008268	0.000000
-0.008268	0.000000
-0.008268	0.000000
-0.008268	0.000000
-0.008268	0.000000
-0.008268	0.000000
-0.008268	0.000000
-0.008268	0.000000
-0.008268	0.000000
-0.008268	0.000000
-0.008268	0.000000
-0.008268	0.000000
-0.006980	0.000000
-0.008268	0.000000
-0.006980	0.000000
-0.006980	0.000000
-0.008268	0.000000
-0.006980	0.000000
-0.008268	0.000000
-0.006980	0.000000
-0.008268	0.000000
-0.006980	0.000000
-0.006980	0.000000
-0.009557	0.000000
-0.006980	0.000000
-0.006980	0.000000
-0.008268	0.000000
-0.008268	0.000000
-0.008268	0.000000
-0.006980	0.000000
-0.006980	0.000000
-0.008268	0.000000
-0.008268	0.000000
-0.008268	0.000000
-0.006980	0.000000
-0.006980	0.000000
-0.006980	0.000000
-0.008268	0.000000
-0.006980	0.000000
-0.008268	0.000000
-0.008268	0.000000
-0.006980	0.000000
-0.006980	0.000000
-0.006980	0.000000
-0.006980	0.000000
-0.006980	0.000000
-0.006980	0.000000
-0.006980	0.000000
-0.006980	0.000000
-0.006980	0.000000
-0.005691	0.000000
-0.006980	0.000000
-0.006980	0.000000
-0.006980	0.000000
-0.006980	0.000000
-0.006980	0.000000
-0.006980	0.000000
-0.006980	0.000000
-0.006980	0.000000
-0.006980	0.000000
-0.006980	0.000000
-0.006980	0.000000
-0.006980	0.000000
-0.006980	0.000000
-0.006980	0.000000
-0.006980	0.000000
-0.005691	0.000000
-0.006980	0.000000
-0.006980	0.000000
-0.006980	0.000000
-0.006980	0.000000
-0.006980	0.000000
-0.005691	0.000000
-0.006980	0.000000
-0.006980	0.000000
-0.006980	0.000000
-0.005691	0.000000
-0.006980	0.000000
-0.006980	0.000000
-0.006980	0.000000
-0.006980	0.000000
-0.006980	0.000000
-0.005691	0.000000
-0.006980	0.000000
-0.006980	0.000000
-0.005691	0.000000
-0.006980	0.000000
-0.006980	0.000000
-0.005691	0.000000
-0.006980	0.000000
-0.006980	0.000000
-0.006980	0.000000
-0.006980	0.000000
-0.005691	0.000000
-0.005691	0.000000
-0.005691	0.000000
-0.006980	0.000000
-0.006980	0.000000
-0.006980	0.000000
-0.006980	0.000000
-0.006980	0.000000
-0.005691	0.000000
-0.006980	0.000000
-0.006980	0.000000
-0.006980	0.000000
-0.005691	0.000000
-0.006980	0.000000
-0.005691	0.000000
-0.006980	0.000000
-0.005691	0.000000
-0.005691	0.000000
-0.006980	0.000000
-0.006980	0.000000
-0.006980	0.000000
-0.005691	0.000000
-0.005691	0.000000
-0.005691	0.000000
-0.006980	0.000000
-0.006980	0.000000
-0.005691	0.000000
-0.006980	0.000000
-0.006980	0.000000
-0.005691	0.000000
-0.006980	0.000000
-0.004402	0.000000
-0.005691	0.000000
-0.005691	0.000000
-0.005691	0.000000
-0.005691	0.000000
-0.006980	0.000000
-0.006980	0.000000
-0.005691	0.000000
-0.005691	0.000000
-0.006980	0.000000
-0.006980	0.000000
-0.006980	0.000000
-0.005691	0.000000
-0.005691	0.000000
-0.005691	0.000000
-0.006980	0.000000
-0.005691	0.000000
-0.005691	0.000000
-0.004402	0.000000
-0.005691	0.000000
-0.005691	0.000000
-0.005691	0.000000
-0.005691	0.000000
-0.005691	0.000000
-0.005691	0.000000
-0.005691	0.000000
-0.005691	0.000000
-0.005691	0.000000
-0.005691	0.000000
-0.005691	0.000000
-0.005691	0.000000
-0.005691	0.000000
-0.005691	0.000000
-0.005691	0.000000
-0.005691	0.000000
-0.005691	0.000000
-0.005691	0.000000
-0.005691	0.000000
-0.005691	0.000000
-0.005691	0.000000
-0.005691	0.000000
-0.006980	0.000000
-0.005691	0.000000
-0.005691	0.000000
-0.005691	0.000000
-0.005691	0.000000
-0.005691	0.000000
-0.005691	0.000000
-0.005691	0.000000
-0.005691	0.000000
-0.005691	0.000000
-0.005691	0.000000
-0.005691	0.000000
-0.005691	0.000000
-0.005691	0.000000
-0.005691	0.000000
-0.005691	0.000000
-0.005691	0.000000
-0.005691	0.000000
-0.005691	0.000000
-0.005691	0.000000
-0.005691	0.000000
-0.005691	0.000000
-0.005691	0.000000
-0.005691	0.000000
-0.005691	0.000000
-0.005691	0.000000
-0.005691	0.000000
-0.005691	0.000000
-0.005691	0.000000
-0.004402	0.000000
-0.004402	0.000000
-0.005691	0.000000
-0.005691	0.000000
-0.005691	0.000000
-0.005691	0.000000
-0.005691	0.000000
-0.005691	0.000000
-0.005691	0.000000
-0.005691	0.000000
-0.005691	0.000000
-0.005691	0.000000
-0.005691	0.000000
-0.005691	0.000000
-0.005691	0.000000
-0.004402	0.000000
-0.005691	0.000000
-0.005691	0.000000
-0.005691	0.000000
-0.005691	0.000000
-0.005691	0.000000
-0.005691	0.000000
-0.005691	0.000000
-0.004402	0.000000
-0.005691	0.000000
-0.005691	0.000000
-0.005691	0.000000
-0.005691	0.000000
-0.005691	0.000000
-0.005691	0.000000
-0.005691	0.000000
-0.005691	0.000000
-0.005691	0.000000
-0.005691	0.000000
-0.005691	0.000000
-0.005691	0.000000
-0.005691	0.000000
-0.005691	0.000000
-0.005691	0.000000
-0.005691	0.000000
-0.005691	0.000000
-0.005691	0.000000
-0.005691	0.000000
-0.005691	0.000000
-0.004402	0.000000
-0.005691	0.000000
-0.005691	0.000000
-0.004402	0.000000
-0.005691	0.000000
-0.005691	0.000000
-0.005691	0.000000
-0.005691	0.000000
-0.004402	0.000000
-0.005691	0.000000
-0.005691	0.000000
-0.005691	0.000000
-0.006980	0.000000
-0.005691	0.000000
-0.005691	0.000000
-0.005691	0.000000
-0.005691	0.000000
-0.005691	0.000000
-0.005691	0.000000
-0.005691	0.000000
-0.005691	0.000000
-0.004402	0.000000
-0.004402	0.000000
-0.004402	0.000000
-0.005691	0.000000
-0.004402	0.000000
-0.005691	0.000000
-0.006980	0.000000
-0.005691	0.000000
-0.005691	0.000000
-0.005691	0.000000
-0.005691	0.000000
-0.005691	0.000000
-0.005691	0.000000
-0.004402	0.000000
-0.005691	0.000000
-0.005691	0.000000
-0.005691	0.000000
-0.005691	0.000000
-0.005691	0.000000
-0.005691	0.000000
-0.005691	0.000000
-0.005691	0.000000
-0.005691	0.000000
-0.005691	0.000000
-0.004402	0.000000
-0.005691	0.000000
-0.005691	0.000000
-0.005691	0.000000
-0.004402	0.000000
-0.005691	0.000000
-0.006980	0.000000
-0.005691	0.000000
-0.005691	0.000000
-0.005691	0.000000
-0.005691	0.000000
-0.005691	0.000000
-0.005691	0.000000
-0.005691	0.000000
-0.005691	0.000000
-0.005691	0.000000
-0.005691	0.000000
-0.005691	0.000000
-0.005691	0.000000
-0.006980	0.000000
-0.005691	0.000000
-0.005691	0.000000
-0.004402	0.000000
-0.005691	0.000000
-0.004402	0.000000
-0.004402	0.000000
-0.005691	0.000000
-0.005691	0.000000
-0.005691	0.000000
-0.005691	0.000000
-0.005691	0.000000
-0.005691	0.000000
-0.005691	0.000000
-0.005691	0.000000
-0.005691	0.000000
-0.004402	0.000000
-0.005691	0.000000
-0.004402	0.000000
-0.005691	0.000000
-0.005691	0.000000
-0.005691	0.000000
-0.004402	0.000000
-0.005691	0.000000
-0.004402	0.000000
-0.005691	0.000000
-0.004402	0.000000
-0.005691	0.000000
-0.005691	0.000000
-0.005691	0.000000
-0.005691	0.000000
-0.005691	0.000000
-0.005691	0.000000
-0.005691	0.000000
-0.004402	0.000000
-0.005691	0.000000
-0.005691	1.000000
-0.026312	1.000000
-0.045645	1.000000
-0.068844	1.000000
-0.081732	1.000000
-0.110086	1.000000
-0.137152	1.000000
-0.228659	1.000000
-0.259591	1.000000
-0.287946	1.000000
-0.317589	1.000000
-0.358832	1.000000
-0.405230	1.000000
-0.438739	1.000000
-0.451628	1.000000
-0.476116	1.000000
-0.509625	1.000000
-0.521225	1.000000
-0.552157	1.000000
-0.563756	1.000000
-0.592111	1.000000
-0.610154	1.000000
-0.619176	1.000000
-0.634642	1.000000
-0.659130	1.000000
-0.674596	1.000000
-0.688773	1.000000
-0.696506	1.000000
-0.709395	1.000000
-0.722283	1.000000
-0.740327	1.000000
-0.750637	1.000000
-0.757082	1.000000
-0.767392	1.000000
-0.781569	1.000000
-0.786725	1.000000
-0.806057	1.000000
-0.812502	1.000000
-0.818946	1.000000
-0.831834	1.000000
-0.834412	1.000000
-0.840856	1.000000
-0.855033	1.000000
-0.856322	1.000000
-0.864055	1.000000
-0.867921	1.000000
-0.873077	1.000000
-0.878232	1.000000
-0.884676	1.000000
-0.889832	1.000000
-0.891120	1.000000
-0.894987	1.000000
-0.897565	1.000000
-0.902720	1.000000
-0.909164	1.000000
-0.910453	1.000000
-0.911742	1.000000
-0.915608	1.000000
-0.918186	1.000000
-0.922052	1.000000
-0.923341	1.000000
-0.927208	1.000000
-0.929786	1.000000
-0.933652	1.000000
-0.937519	1.000000
-0.940096	1.000000
-0.942674	1.000000
-0.943963	1.000000
-0.945252	1.000000
-0.947829	1.000000
-0.949118	1.000000
-0.950407	1.000000
-0.952985	1.000000
-0.952985	1.000000
-0.954273	1.000000
-0.954273	1.000000
-0.956851	1.000000
-0.958140	1.000000
-0.958140	1.000000
-0.960718	1.000000
-0.962006	1.000000
-0.964584	1.000000
-0.965873	1.000000
-0.968451	1.000000
-0.968451	1.000000
-0.968451	1.000000
-0.971028	1.000000
-0.969739	1.000000
-0.972317	1.000000
-0.972317	1.000000
-0.973606	1.000000
-0.973606	1.000000
-0.974895	1.000000
-0.973606	1.000000
-0.974895	1.000000
-0.976184	1.000000
-0.976184	1.000000
-0.977472	1.000000
-0.977472	1.000000
-0.977472	1.000000
-0.977472	1.000000
-0.977472	1.000000
-0.978761	1.000000
-0.977472	1.000000
-0.978761	1.000000
-0.978761	1.000000
-0.978761	1.000000
-0.980050	1.000000
-0.978761	1.000000
-0.978761	1.000000
-0.980050	1.000000
-0.980050	1.000000
-0.981339	1.000000
-0.980050	1.000000
-0.981339	1.000000
-0.980050	1.000000
-0.980050	1.000000
-0.980050	1.000000
-0.981339	1.000000
-0.981339	1.000000
-0.981339	1.000000
-0.982628	1.000000
-0.981339	1.000000
-0.981339	1.000000
-0.981339	1.000000
-0.981339	1.000000
-0.981339	1.000000
-0.982628	1.000000
-0.982628	1.000000
-0.982628	1.000000
-0.982628	1.000000
-0.982628	1.000000
-0.982628	1.000000
-0.982628	1.000000
-0.982628	1.000000
-0.982628	1.000000
-0.982628	1.000000
-0.982628	1.000000
-0.982628	1.000000
-0.982628	1.000000
-0.983917	1.000000
-0.982628	1.000000
-0.983917	1.000000
-0.983917	1.000000
-0.983917	1.000000
-0.982628	1.000000
-0.983917	1.000000
-0.983917	1.000000
-0.982628	1.000000
-0.983917	1.000000
-0.982628	1.000000
-0.983917	1.000000
-0.983917	1.000000
-0.983917	1.000000
-0.983917	1.000000
-0.985205	1.000000
-0.983917	1.000000
-0.983917	1.000000
-0.983917	1.000000
-0.983917	1.000000
-0.985205	1.000000
-0.985205	1.000000
-0.983917	1.000000
-0.983917	1.000000
-0.983917	1.000000
-0.985205	1.000000
-0.985205	1.000000
-0.983917	1.000000
-0.986494	1.000000
-0.983917	1.000000
-0.985205	1.000000
-0.985205	1.000000
-0.985205	1.000000
-0.985205	1.000000
-0.983917	1.000000
-0.985205	1.000000
-0.985205	1.000000
-0.985205	1.000000
-0.985205	1.000000
-0.985205	1.000000
-0.985205	1.000000
-0.985205	1.000000
-0.985205	1.000000
-0.985205	1.000000
-0.985205	1.000000
-0.985205	1.000000
-0.985205	1.000000
-0.985205	1.000000
-0.985205	1.000000
-0.985205	1.000000
-0.985205	1.000000
-0.986494	1.000000
-0.986494	1.000000
-0.986494	1.000000
-0.986494	1.000000
-0.985205	1.000000
-0.986494	1.000000
-0.985205	1.000000
-0.985205	1.000000
-0.986494	1.000000
-0.985205	1.000000
-0.985205	1.000000
-0.985205	1.000000
-0.985205	1.000000
-0.986494	1.000000
-0.986494	1.000000
-0.986494	1.000000
-0.985205	1.000000
-0.985205	1.000000
-0.986494	1.000000
-0.986494	1.000000
-0.985205	1.000000
-0.986494	1.000000
-0.985205	1.000000
-0.986494	1.000000
-0.985205	1.000000
-0.986494	1.000000
-0.985205	1.000000
-0.985205	1.000000
-0.985205	1.000000
-0.986494	1.000000
-0.985205	1.000000
-0.985205	1.000000
-0.986494	1.000000
-0.985205	1.000000
-0.987783	1.000000
-0.985205	1.000000
-0.986494	1.000000
-0.986494	1.000000
-0.986494	1.000000
-0.986494	1.000000
-0.986494	1.000000
-0.986494	1.000000
-0.987783	1.000000
-0.986494	1.000000
-0.986494	1.000000
-0.986494	1.000000
-0.986494	1.000000
-0.986494	1.000000
-0.986494	1.000000
-0.986494	1.000000
-0.986494	1.000000
-0.987783	1.000000
-0.986494	1.000000
-0.987783	1.000000
-0.986494	1.000000
-0.986494	1.000000
-0.986494	1.000000
-0.987783	1.000000
-0.986494	1.000000
-0.987783	1.000000
-0.986494	1.000000
-0.986494	1.000000
-0.987783	1.000000
-0.986494	1.000000
-0.986494	1.000000
-0.986494	1.000000
-0.987783	1.000000
-0.986494	1.000000
-0.986494	1.000000
-0.986494	1.000000
-0.987783	1.000000
-0.987783	1.000000
-0.986494	1.000000
-0.986494	1.000000
-0.987783	1.000000
-0.986494	1.000000
-0.987783	1.000000
-0.986494	1.000000
-0.987783	1.000000
-0.987783	1.000000
-0.986494	1.000000
-0.986494	1.000000
-0.986494	1.000000
-0.986494	1.000000
-0.986494	1.000000
-0.986494	1.000000
-0.986494	1.000000
-0.985205	1.000000
-0.987783	1.000000
-0.987783	1.000000
-0.986494	1.000000
-0.987783	1.000000
-0.987783	1.000000
-0.986494	1.000000
-0.986494	1.000000
-0.986494	1.000000
-0.986494	1.000000
-0.987783	1.000000
-0.986494	1.000000
-0.986494	1.000000
-0.987783	1.000000
-0.987783	1.000000
-0.986494	1.000000
-0.987783	1.000000
-0.987783	1.000000
-0.987783	1.000000
-0.987783	1.000000
-0.987783	1.000000
-0.987783	1.000000
-0.987783	1.000000
-0.986494	1.000000
-0.987783	1.000000
-0.987783	1.000000
-0.987783	1.000000
-0.987783	1.000000
-0.987783	1.000000
-0.987783	1.000000
-0.987783	1.000000
-0.987783	1.000000
-0.987783	1.000000
-0.987783	1.000000
-0.987783	1.000000
-0.987783	1.000000
-0.987783	1.000000
-0.987783	1.000000
-0.987783	1.000000
-0.987783	1.000000
-0.987783	1.000000
-0.987783	1.000000
-0.987783	1.000000
-0.987783	1.000000
-0.986494	1.000000
-0.987783	1.000000
-0.986494	1.000000
-0.987783	1.000000
-0.987783	1.000000
-0.987783	1.000000
-0.987783	1.000000
-0.987783	1.000000
-0.987783	1.000000
-0.987783	1.000000
-0.986494	1.000000
-0.987783	1.000000
-0.986494	1.000000
-0.987783	1.000000
-0.987783	1.000000
-0.987783	1.000000
-0.987783	1.000000
-0.987783	1.000000
-0.987783	1.000000
-0.987783	1.000000
-0.986494	1.000000
-0.987783	1.000000
-0.987783	1.000000
-0.986494	1.000000
-0.987783	1.000000
-0.987783	1.000000
-0.986494	1.000000
-0.987783	1.000000
-0.987783	1.000000
-0.986494	1.000000
-0.987783	1.000000
-0.987783	1.000000
-0.987783	1.000000
-0.987783	1.000000
-0.986494	1.000000
-0.987783	1.000000
-0.987783	1.000000
-0.987783	1.000000
-0.986494	1.000000
-0.987783	1.000000
-0.987783	1.000000
-0.987783	1.000000
-0.987783	1.000000
-0.986494	1.000000
-0.987783	1.000000
-0.987783	1.000000
-0.987783	1.000000
-0.987783	1.000000
-0.987783	1.000000
-0.987783	1.000000
-0.987783	1.000000
-0.987783	1.000000
-0.987783	1.000000
-0.987783	1.000000
-0.987783	1.000000
-0.987783	1.000000
-0.987783	1.000000
-0.987783	1.000000
-0.987783	1.000000
-0.987783	1.000000
-0.987783	1.000000
-0.987783	1.000000
-0.987783	1.000000
-0.987783	1.000000
-0.987783	1.000000
-0.987783	1.000000
-0.987783	1.000000
-0.987783	1.000000
-0.989072	1.000000
-0.987783	1.000000
-0.987783	1.000000
-0.987783	1.000000
-0.987783	1.000000
-0.986494	1.000000
-0.987783	1.000000
-0.987783	1.000000
-0.987783	1.000000
-0.987783	1.000000
-0.987783	1.000000
-0.987783	1.000000
-0.987783	1.000000
-0.986494	1.000000
-0.987783	1.000000
-0.987783	1.000000
-0.987783	1.000000
-0.987783	1.000000
-0.987783	1.000000
-0.987783	1.000000
-0.989072	1.000000
-0.987783	1.000000
-0.987783	1.000000
-0.987783	1.000000
-0.987783	1.000000
-0.987783	1.000000
-0.987783	1.000000
-0.987783	1.000000
-0.986494	1.000000
-0.987783	1.000000
-0.987783	1.000000
-0.987783	1.000000
-0.987783	1.000000
-0.987783	1.000000
-0.987783	1.000000
-0.987783	1.000000
-0.987783	1.000000
-0.987783	1.000000
-0.987783	1.000000
-0.987783	1.000000
-0.987783	1.000000
-0.989072	1.000000
-0.987783	1.000000
-0.987783	1.000000
-0.987783	1.000000
-0.986494	1.000000
-0.987783	1.000000
-0.987783	1.000000
-0.987783	1.000000
-0.987783	1.000000
-0.987783	1.000000
-0.987783	1.000000
-0.987783	1.000000
-0.986494	1.000000
-0.987783	1.000000
-0.987783	1.000000
-0.989072	1.000000
-0.987783	1.000000
-0.987783	1.000000
-0.989072	1.000000
-0.987783	1.000000
-0.987783	1.000000
-0.987783	1.000000
-0.987783	1.000000
-0.989072	1.000000
-0.987783	1.000000
-0.987783	1.000000
-0.989072	1.000000
-0.987783	1.000000
-0.987783	1.000000
-0.987783	1.000000
-0.987783	1.000000
-0.989072	1.000000
-0.987783	1.000000
-0.987783	1.000000
-0.987783	1.000000
-0.989072	1.000000
-0.987783	1.000000
-0.987783	1.000000
-0.987783	1.000000
-0.989072	1.000000
-0.987783	1.000000
-0.987783	1.000000
-0.987783	1.000000
-0.987783	1.000000
-0.987783	1.000000
-0.987783	1.000000
-0.987783	1.000000
-0.987783	1.000000
-0.987783	1.000000
-0.987783	1.000000
-0.987783	1.000000
-0.987783	1.000000
-0.987783	1.000000
-0.987783	1.000000
-0.987783	1.000000
-0.987783	1.000000
-0.987783	1.000000
-0.987783	1.000000
-0.987783	1.000000
-0.989072	1.000000
-0.987783	1.000000
-0.987783	1.000000
-0.987783	1.000000
-0.987783	1.000000
-0.987783	1.000000
-0.987783	1.000000
-0.989072	1.000000
-0.989072	1.000000
-0.989072	1.000000
-0.987783	0.000000
-0.987783	0.000000
-0.977472	0.000000
-0.962006	0.000000
-0.940096	0.000000
-0.918186	0.000000
-0.891120	0.000000
-0.862766	0.000000
-0.831834	0.000000
-0.802191	0.000000
-0.772548	0.000000
-0.742904	0.000000
-0.697795	0.000000
-0.669441	0.000000
-0.652686	0.000000
-0.625620	0.000000
-0.586955	0.000000
-0.571489	0.000000
-0.535402	0.000000
-0.512203	0.000000
-0.500603	0.000000
-0.467094	0.000000
-0.446472	0.000000
-0.436162	0.000000
-0.406518	0.000000
-0.387186	0.000000
-0.379453	0.000000
-0.362698	0.000000
-0.345943	0.000000
-0.330477	0.000000
-0.308567	0.000000
-0.294390	0.000000
-0.287946	0.000000
-0.268613	0.000000
-0.258302	0.000000
-0.251858	0.000000
-0.233815	0.000000
-0.224793	0.000000
-0.214482	0.000000
-0.205460	0.000000
-0.196438	0.000000
-0.187416	0.000000
-0.177106	0.000000
-0.168084	0.000000
-0.161640	0.000000
-0.153907	0.000000
-0.147463	0.000000
-0.144885	0.000000
-0.130708	0.000000
-0.124264	0.000000
-0.120397	0.000000
-0.113953	0.000000
-0.110086	0.000000
-0.104931	0.000000
-0.095909	0.000000
-0.090754	0.000000
-0.085598	0.000000
-0.081732	0.000000
-0.076577	0.000000
-0.071421	0.000000
-0.068844	0.000000
-0.064977	0.000000
-0.062399	0.000000
-0.061111	0.000000
-0.058533	0.000000
-0.055955	0.000000
-0.053378	0.000000
-0.048222	0.000000
-0.046933	0.000000
-0.044356	0.000000
-0.043067	0.000000
-0.040489	0.000000
-0.037912	0.000000
-0.035334	0.000000
-0.035334	0.000000
-0.034045	0.000000
-0.034045	0.000000
-0.031467	0.000000
-0.032756	0.000000
-0.031467	0.000000
-0.030179	0.000000
-0.028890	0.000000
-0.028890	0.000000
-0.028890	0.000000
-0.026312	0.000000
-0.025023	0.000000
-0.025023	0.000000
-0.023734	0.000000
-0.023734	0.000000
-0.022446	0.000000
-0.021157	0.000000
-0.021157	0.000000
-0.021157	0.000000
-0.021157	0.000000
-0.019868	0.000000
-0.021157	0.000000
-0.019868	0.000000
-0.018579	0.000000
-0.018579	0.000000
-0.018579	0.000000
-0.018579	0.000000
-0.017290	0.000000
-0.017290	0.000000
-0.017290	0.000000
-0.017290	0.000000
-0.017290	0.000000
-0.016001	0.000000
-0.016001	0.000000
-0.016001	0.000000
-0.016001	0.000000
-0.014713	0.000000
-0.016001	0.000000
-0.014713	0.000000
-0.014713	0.000000
-0.013424	0.000000
-0.014713	0.000000
-0.013424	0.000000
-0.013424	0.000000
-0.013424	0.000000
-0.013424	0.000000
-0.013424	0.000000
-0.013424	0.000000
-0.012135	0.000000
-0.013424	0.000000
-0.013424	0.000000
-0.013424	0.000000
-0.013424	0.000000
-0.012135	0.000000
-0.012135	0.000000
-0.012135	0.000000
-0.012135	0.000000
-0.012135	0.000000
-0.012135	0.000000
-0.012135	0.000000
-0.012135	0.000000
-0.012135	0.000000
-0.010846	0.000000
-0.010846	0.000000
-0.010846	0.000000
-0.009557	0.000000
-0.010846	0.000000
-0.010846	0.000000
-0.010846	0.000000
-0.010846	0.000000
-0.009557	0.000000
-0.010846	0.000000
-0.009557	0.000000
-0.009557	0.000000
-0.010846	0.000000
-0.010846	0.000000
-0.010846	0.000000
-0.009557	0.000000
-0.009557	0.000000
-0.010846	0.000000
-0.009557	0.000000
-0.009557	0.000000
-0.009557	0.000000
-0.010846	0.000000
-0.009557	0.000000
-0.008268	0.000000
-0.008268	0.000000
-0.009557	0.000000
-0.009557	0.000000
-0.008268	0.000000
-0.008268	0.000000
-0.008268	0.000000
-0.009557	0.000000
-0.009557	0.000000
-0.008268	0.000000
-0.008268	0.000000
-0.009557	0.000000
-0.009557	0.000000
-0.009557	0.000000
-0.008268	0.000000
-0.008268	0.000000
-0.008268	0.000000
-0.008268	0.000000
-0.008268	0.000000
-0.009557	0.000000
-0.008268	0.000000
-0.008268	0.000000
-0.009557	0.000000
-0.008268	0.000000
-0.008268	0.000000
-0.008268	0.000000
-0.008268	0.000000
-0.006980	0.000000
-0.008268	0.000000
-0.008268	0.000000
-0.006980	0.000000
-0.008268	0.000000
-0.008268	0.000000
-0.008268	0.000000
-0.008268	0.000000
-0.008268	0.000000
-0.008268	0.000000
-0.006980	0.000000
-0.006980	0.000000
-0.008268	0.000000
-0.006980	0.000000
-0.008268	0.000000
-0.006980	0.000000
-0.008268	0.000000
-0.009557	0.000000
-0.006980	0.000000
-0.008268	0.000000
-0.008268	0.000000
-0.006980	0.000000
-0.006980	0.000000
-0.006980	0.000000
-0.008268	0.000000
-0.006980	0.000000
-0.008268	0.000000
-0.008268	0.000000
-0.006980	0.000000
-0.006980	0.000000
-0.008268	0.000000
-0.006980	0.000000
-0.008268	0.000000
-0.006980	0.000000
-0.006980	0.000000
-0.006980	0.000000
-0.008268	0.000000
-0.006980	0.000000
-0.006980	0.000000
-0.006980	0.000000
-0.006980	0.000000
-0.008268	0.000000
-0.006980	0.000000
-0.006980	0.000000
-0.008268	0.000000
-0.006980	0.000000
-0.005691	0.000000
-0.006980	0.000000
-0.006980	0.000000
-0.006980	0.000000
-0.006980	0.000000
-0.006980	0.000000
-0.006980	0.000000
-0.006980	0.000000
-0.006980	0.000000
-0.005691	0.000000
-0.006980	0.000000
-0.006980	0.000000
-0.006980	0.000000
-0.006980	0.000000
-0.006980	0.000000
-0.006980	0.000000
-0.006980	0.000000
-0.006980	0.000000
-0.006980	0.000000
-0.006980	0.000000
-0.006980	0.000000
-0.006980	0.000000
-0.006980	0.000000
-0.006980	0.000000
-0.006980	0.000000
-0.006980	0.000000
-0.008268	0.000000
-0.006980	0.000000
-0.006980	0.000000
-0.006980	0.000000
-0.006980	0.000000
-0.006980	0.000000
-0.006980	0.000000
-0.006980	0.000000
-0.006980	0.000000
-0.006980	0.000000
-0.005691	0.000000
-0.006980	0.000000
-0.006980	0.000000
-0.005691	0.000000
-0.005691	0.000000
-0.005691	0.000000
-0.006980	0.000000
-0.005691	0.000000
-0.006980	0.000000
-0.005691	0.000000
-0.006980	0.000000
-0.006980	0.000000
-0.006980	0.000000
-0.006980	0.000000
-0.006980	0.000000
-0.006980	0.000000
-0.006980	0.000000
-0.006980	0.000000
-0.006980	0.000000
-0.005691	0.000000
-0.006980	0.000000
-0.006980	0.000000
-0.006980	0.000000
-0.006980	0.000000
-0.006980	0.000000
-0.006980	0.000000
-0.006980	0.000000
-0.006980	0.000000
-0.006980	0.000000
-0.006980	0.000000
-0.006980	0.000000
-0.006980	0.000000
-0.006980	0.000000
-0.005691	0.000000
-0.006980	0.000000
-0.005691	0.000000
-0.005691	0.000000
-0.006980	0.000000
-0.005691	0.000000
-0.005691	0.000000
-0.005691	0.000000
-0.005691	0.000000
-0.006980	0.000000
-0.006980	0.000000
-0.006980	0.000000
-0.006980	0.000000
-0.006980	0.000000
-0.005691	0.000000
-0.006980	0.000000
-0.005691	0.000000
-0.005691	0.000000
-0.005691	0.000000
-0.005691	0.000000
-0.005691	0.000000
-0.005691	0.000000
-0.005691	0.000000
-0.006980	0.000000
-0.005691	0.000000
-0.006980	0.000000
-0.005691	0.000000
-0.005691	0.000000
-0.005691	0.000000
-0.005691	0.000000
-0.005691	0.000000
-0.005691	0.000000
-0.006980	0.000000
-0.005691	0.000000
-0.005691	0.000000
-0.005691	0.000000
-0.005691	0.000000
-0.005691	0.000000
-0.005691	0.000000
-0.005691	0.000000
-0.005691	0.000000
-0.006980	0.000000
-0.005691	0.000000
-0.005691	0.000000
-0.005691	0.000000
-0.005691	0.000000
-0.005691	0.000000
-0.005691	0.000000
-0.005691	0.000000
-0.005691	0.000000
-0.005691	0.000000
-0.006980	0.000000
-0.005691	0.000000
-0.006980	0.000000
-0.005691	0.000000
-0.006980	0.000000
-0.006980	0.000000
-0.005691	0.000000
-0.005691	0.000000
-0.005691	0.000000
-0.005691	0.000000
-0.005691	0.000000
-0.005691	0.000000
-0.005691	0.000000
-0.005691	0.000000
-0.006980	0.000000
-0.005691	0.000000
-0.005691	0.000000
-0.005691	0.000000
-0.005691	0.000000
-0.005691	0.000000
-0.005691	0.000000
-0.005691	0.000000
-0.005691	0.000000
-0.005691	0.000000
-0.005691	0.000000
-0.005691	0.000000
-0.005691	0.000000
-0.005691	0.000000
-0.005691	0.000000
-0.005691	0.000000
-0.005691	0.000000
-0.005691	0.000000
-0.005691	0.000000
-0.005691	0.000000
-0.005691	0.000000
-0.005691	0.000000
-0.005691	0.000000
-0.005691	0.000000
-0.005691	0.000000
-0.005691	0.000000
-0.005691	0.000000
-0.006980	0.000000
-0.005691	0.000000
-0.005691	0.000000
-0.005691	0.000000
-0.005691	0.000000
-0.005691	0.000000
-0.005691	0.000000
-0.005691	0.000000
-0.005691	0.000000
-0.005691	0.000000
-0.005691	0.000000
-0.005691	0.000000
-0.005691	0.000000
-0.005691	0.000000
-0.005691	0.000000
-0.005691	0.000000
-0.005691	0.000000
-0.005691	0.000000
-0.006980	0.000000
-0.005691	0.000000
-0.005691	0.000000
-0.005691	0.000000
-0.005691	0.000000
-0.005691	0.000000
-0.005691	0.000000
-0.004402	0.000000
-0.005691	0.000000
-0.005691	0.000000
-0.005691	0.000000
-0.005691	0.000000
-0.005691	0.000000
-0.005691	0.000000
-0.005691	0.000000
-0.005691	0.000000
-0.005691	0.000000
-0.006980	0.000000
-0.005691	0.000000
-0.005691	0.000000
-0.006980	0.000000
-0.005691	0.000000
-0.005691	0.000000
-0.005691	0.000000
-0.004402	0.000000
-0.005691	0.000000
-0.005691	0.000000
-0.005691	0.000000
-0.005691	0.000000
-0.005691	0.000000
-0.005691	0.000000
-0.005691	0.000000
-0.005691	0.000000
-0.005691	0.000000
-0.005691	0.000000
-0.005691	0.000000
-0.004402	0.000000
-0.005691	0.000000
-0.005691	0.000000
-0.005691	0.000000
-0.004402	0.000000
-0.005691	0.000000
-0.005691	0.000000
-0.005691	0.000000
-0.005691	0.000000
-0.004402	0.000000
-0.005691	0.000000
-0.005691	0.000000
-0.005691	0.000000
-0.005691	0.000000
-0.004402	0.000000
-0.005691	0.000000
-0.004402	0.000000
-0.005691	0.000000
-0.004402	0.000000
-0.005691	0.000000
-0.005691	0.000000
-0.005691	0.000000
-0.005691	0.000000
-0.004402	0.000000
-0.005691	0.000000
-0.004402	0.000000
-0.005691	0.000000
-0.005691	0.000000
-0.005691	0.000000
-0.005691	0.000000
-0.005691	0.000000
-0.005691	0.000000
-0.005691	0.000000
-0.004402	0.000000
-0.005691	0.000000
-0.005691	0.000000
-0.006980	0.000000
-0.004402	0.000000
-0.004402	0.000000
-0.005691	0.000000
-0.005691	0.000000
-0.005691	0.000000
-0.005691	0.000000
-0.005691	0.000000
-0.004402	0.000000
-0.005691	0.000000
-0.005691	0.000000
-0.005691	0.000000
-0.005691	0.000000
-0.005691	0.000000
-0.005691	0.000000
-0.005691	0.000000
-0.005691	0.000000
-0.005691	1.000000
-0.005691	1.000000
-0.023734	1.000000
-0.053378	1.000000
-0.076577	1.000000
-0.101064	1.000000
-0.130708	1.000000
-0.146174	1.000000
-0.191283	1.000000
-0.205460	1.000000
-0.250569	1.000000
-0.280213	1.000000
-0.311145	1.000000
-0.324033	1.000000
-0.366565	1.000000
-0.382031	1.000000
-0.407807	1.000000
-0.445183	1.000000
-0.469671	1.000000
-0.481271	1.000000
-0.504470	1.000000
-0.536691	1.000000
-0.545713	1.000000
-0.567623	1.000000
-0.586955	1.000000
-0.606288	1.000000
-0.630776	1.000000
-0.639798	1.000000
-0.662997	1.000000
-0.677174	1.000000
-0.684907	1.000000
-0.718417	1.000000
-0.731305	1.000000
-0.741616	1.000000
-0.754504	1.000000
-0.763526	1.000000
-0.777703	1.000000
-0.788014	1.000000
-0.797035	1.000000
-0.804768	1.000000
-0.809924	1.000000
-0.830545	1.000000
-0.835701	1.000000
-0.842145	1.000000
-0.848589	1.000000
-0.853744	1.000000
-0.867921	1.000000
-0.873077	1.000000
-0.876943	1.000000
-0.884676	1.000000
-0.889832	1.000000
-0.894987	1.000000
-0.898853	1.000000
-0.906586	1.000000
-0.918186	1.000000
-0.927208	1.000000
-0.933652	1.000000
-0.936230	1.000000
-0.940096	1.000000
-0.941385	1.000000
-0.942674	1.000000
-0.945252	1.000000
-0.946540	1.000000
-0.949118	1.000000
-0.950407	1.000000
-0.951696	1.000000
-0.952985	1.000000
-0.954273	1.000000
-0.955562	1.000000
-0.956851	1.000000
-0.956851	1.000000
-0.958140	1.000000
-0.959429	1.000000
-0.960718	1.000000
-0.960718	1.000000
-0.962006	1.000000
-0.963295	1.000000
-0.964584	1.000000
-0.964584	1.000000
-0.965873	1.000000
-0.967162	1.000000
-0.967162	1.000000
-0.967162	1.000000
-0.968451	1.000000
-0.969739	1.000000
-0.969739	1.000000
-0.969739	1.000000
-0.971028	1.000000
-0.971028	1.000000
-0.972317	1.000000
-0.971028	1.000000
-0.972317	1.000000
-0.972317	1.000000
-0.972317	1.000000
-0.973606	1.000000
-0.974895	1.000000
-0.974895	1.000000
-0.976184	1.000000
-0.974895	1.000000
-0.974895	1.000000
-0.976184	1.000000
-0.977472	1.000000
-0.976184	1.000000
-0.976184	1.000000
-0.977472	1.000000
-0.977472	1.000000
-0.977472	1.000000
-0.978761	1.000000
-0.978761	1.000000
-0.978761	1.000000
-0.978761	1.000000
-0.978761	1.000000
-0.980050	1.000000
-0.978761	1.000000
-0.978761	1.000000
-0.980050	1.000000
-0.980050	1.000000
-0.980050	1.000000
-0.980050	1.000000
-0.980050	1.000000
-0.980050	1.000000
-0.980050	1.000000
-0.981339	1.000000
-0.981339	1.000000
-0.981339	1.000000
-0.981339	1.000000
-0.981339	1.000000
-0.981339	1.000000
-0.982628	1.000000
-0.981339	1.000000
-0.981339	1.000000
-0.981339	1.000000
-0.982628	1.000000
-0.983917	1.000000
-0.981339	1.000000
-0.982628	1.000000
-0.982628	1.000000
-0.982628	1.000000
-0.982628	1.000000
-0.982628	1.000000
-0.983917	1.000000
-0.982628	1.000000
-0.982628	1.000000
-0.983917	1.000000
-0.983917	1.000000
-0.983917	1.000000
-0.983917	1.000000
-0.983917	1.000000
-0.983917	1.000000
-0.985205	1.000000
-0.985205	1.000000
-0.985205	1.000000
-0.983917	1.000000
-0.983917	1.000000
-0.983917	1.000000
-0.983917	1.000000
-0.983917	1.000000
-0.983917	1.000000
-0.983917	1.000000
-0.985205	1.000000
-0.985205	1.000000
-0.985205	1.000000
-0.985205	1.000000
-0.985205	1.000000
-0.985205	1.000000
-0.985205	1.000000
-0.983917	1.000000
-0.985205	1.000000
-0.985205	1.000000
-0.985205	1.000000
-0.985205	1.000000
-0.985205	1.000000
-0.985205	1.000000
-0.985205	1.000000
-0.985205	1.000000
-0.985205	1.000000
-0.985205	1.000000
-0.985205	1.000000
-0.985205	1.000000
-0.985205	1.000000
-0.985205	1.000000
-0.985205	1.000000
-0.985205	1.000000
-0.985205	1.000000
-0.986494	1.000000
-0.985205	1.000000
-0.986494	1.000000
-0.986494	1.000000
-0.986494	1.000000
-0.986494	1.000000
-0.986494	1.000000
-0.985205	1.000000
-0.986494	1.000000
-0.985205	1.000000
-0.986494	1.000000
-0.986494	1.000000
-0.986494	1.000000
-0.986494	1.000000
-0.986494	1.000000
-0.985205	1.000000
-0.985205	1.000000
-0.985205	1.000000
-0.986494	1.000000
-0.986494	1.000000
-0.985205	1.000000
-0.986494	1.000000
-0.986494	1.000000
-0.986494	1.000000
-0.986494	1.000000
-0.986494	1.000000
-0.986494	1.000000
-0.986494	1.000000
-0.986494	1.000000
-0.986494	1.000000
-0.986494	1.000000
-0.986494	1.000000
-0.986494	1.000000
-0.986494	1.000000
-0.986494	1.000000
-0.985205	1.000000
-0.986494	1.000000
-0.986494	1.000000
-0.986494	1.000000
-0.983917	1.000000
-0.986494	1.000000
-0.986494	1.000000
-0.986494	1.000000
-0.986494	1.000000
-0.987783	1.000000
-0.986494	1.000000
-0.986494	1.000000
-0.986494	1.000000
-0.987783	1.000000
-0.986494	1.000000
-0.986494	1.000000
-0.987783	1.000000
-0.986494	1.000000
-0.986494	1.000000
-0.986494	1.000000
-0.986494	1.000000
-0.987783	1.000000
-0.986494	1.000000
-0.986494	1.000000
-0.986494	1.000000
-0.986494	1.000000
-0.986494	1.000000
-0.986494	1.000000
-0.986494	1.000000
-0.986494	1.000000
-0.986494	1.000000
-0.986494	1.000000
-0.986494	1.000000
-0.986494	1.000000
-0.986494	1.000000
-0.986494	1.000000
-0.986494	1.000000
-0.986494	1.000000
-0.986494	1.000000
-0.986494	1.000000
-0.986494	1.000000
-0.986494	1.000000
-0.986494	1.000000
-0.986494	1.000000
-0.986494	1.000000
-0.986494	1.000000
-0.986494	1.000000
-0.986494	1.000000
-0.986494	1.000000
-0.986494	1.000000
-0.987783	1.000000
-0.986494	1.000000
-0.987783	1.000000
-0.986494	1.000000
-0.986494	1.000000
-0.986494	1.000000
-0.986494	1.000000
-0.987783	1.000000
-0.986494	1.000000
-0.986494	1.000000
-0.986494	1.000000
-0.987783	1.000000
-0.986494	1.000000
-0.987783	1.000000
-0.986494	1.000000
-0.986494	1.000000
-0.987783	1.000000
-0.987783	1.000000
-0.987783	1.000000
-0.986494	1.000000
-0.986494	1.000000
-0.986494	1.000000
-0.986494	1.000000
-0.987783	1.000000
-0.986494	1.000000
-0.986494	1.000000
-0.987783	1.000000
-0.987783	1.000000
-0.986494	1.000000
-0.987783	1.000000
-0.986494	1.000000
-0.987783	1.000000
-0.987783	1.000000
-0.987783	1.000000
-0.987783	1.000000
-0.986494	1.000000
-0.987783	1.000000
-0.986494	1.000000
-0.986494	1.000000
-0.987783	1.000000
-0.987783	1.000000
-0.987783	1.000000
-0.987783	1.000000
-0.986494	1.000000
-0.986494	1.000000
-0.987783	1.000000
-0.987783	1.000000
-0.986494	1.000000
-0.987783	1.000000
-0.987783	1.000000
-0.986494	1.000000
-0.987783	1.000000
-0.986494	1.000000
-0.987783	1.000000
-0.987783	1.000000
-0.987783	1.000000
-0.987783	1.000000
-0.986494	1.000000
-0.987783	1.000000
-0.987783	1.000000
-0.987783	1.000000
-0.987783	1.000000
-0.986494	1.000000
-0.987783	1.000000
-0.987783	1.000000
-0.986494	1.000000
-0.989072	1.000000
-0.987783	1.000000
-0.987783	1.000000
-0.986494	1.000000
-0.987783	1.000000
-0.987783	1.000000
-0.986494	1.000000
-0.987783	1.000000
-0.987783	1.000000
-0.989072	1.000000
-0.986494	1.000000
-0.987783	1.000000
-0.987783	1.000000
-0.987783	1.000000
-0.987783	1.000000
-0.987783	1.000000
-0.987783	1.000000
-0.989072	1.000000
-0.987783	1.000000
-0.987783	1.000000
-0.987783	1.000000
-0.986494	1.000000
-0.987783	1.000000
-0.987783	1.000000
-0.989072	1.000000
-0.987783	1.000000
-0.987783	1.000000
-0.987783	1.000000
-0.989072	1.000000
-0.987783	1.000000
-0.987783	1.000000
-0.987783	1.000000
-0.987783	1.000000
-0.987783	1.000000
-0.987783	1.000000
-0.986494	1.000000
-0.987783	1.000000
-0.987783	1.000000
-0.987783	1.000000
-0.987783	1.000000
-0.987783	1.000000
-0.987783	1.000000
-0.987783	1.000000
-0.987783	1.000000
-0.987783	1.000000
-0.987783	1.000000
-0.987783	1.000000
-0.987783	1.000000
-0.987783	1.000000
-0.989072	1.000000
-0.987783	1.000000
-0.987783	1.000000
-0.987783	1.000000
-0.987783	1.000000
-0.987783	1.000000
-0.987783	1.000000
-0.989072	1.000000
-0.987783	1.000000
-0.987783	1.000000
-0.987783	1.000000
-0.989072	1.000000
-0.987783	1.000000
-0.989072	1.000000
-0.987783	1.000000
-0.986494	1.000000
-0.987783	1.000000
-0.987783	1.000000
-0.987783	1.000000
-0.987783	1.000000
-0.987783	1.000000
-0.989072	1.000000
-0.989072	1.000000
-0.987783	1.000000
-0.987783	1.000000
-0.989072	1.000000
-0.989072	1.000000
-0.989072	1.000000
-0.987783	1.000000
-0.987783	1.000000
-0.989072	1.000000
-0.987783	1.000000
-0.989072	1.000000
-0.987783	1.000000
-0.987783	1.000000
-0.987783	1.000000
-0.989072	1.000000
-0.987783	1.000000
-0.989072	1.000000
-0.987783	1.000000
-0.987783	1.000000
-0.989072	1.000000
-0.987783	1.000000
-0.987783	1.000000
-0.989072	1.000000
-0.986494	1.000000
-0.989072	1.000000
-0.987783	1.000000
-0.987783	1.000000
-0.987783	1.000000
-0.987783	1.000000
-0.989072	1.000000
-0.989072	1.000000
-0.989072	1.000000
-0.987783	1.000000
-0.987783	1.000000
-0.989072	1.000000
-0.987783	1.000000
-0.987783	1.000000
-0.989072	1.000000
-0.986494	1.000000
-0.989072	1.000000
-0.987783	1.000000
-0.987783	1.000000
-0.987783	1.000000
-0.989072	1.000000
-0.987783	1.000000
-0.987783	1.000000
-0.987783	1.000000
-0.987783	1.000000
-0.987783	1.000000
-0.987783	1.000000
-0.987783	1.000000
-0.987783	1.000000
-0.987783	1.000000
-0.987783	1.000000
-0.987783	1.000000
-0.987783	1.000000
-0.986494	1.000000
-0.989072	1.000000
-0.987783	1.000000
-0.989072	1.000000
-0.987783	1.000000
-0.987783	1.000000
-0.987783	1.000000
-0.989072	1.000000
-0.987783	1.000000
-0.987783	1.000000
-0.987783	1.000000
-0.987783	1.000000
-0.987783	1.000000
-0.987783	1.000000
-0.987783	1.000000
-0.987783	1.000000
-0.987783	1.000000
-0.987783	1.000000
-0.989072	1.000000
-0.987783	1.000000
-0.987783	1.000000
-0.987783	1.000000
-0.987783	1.000000
-0.989072	1.000000
-0.987783	1.000000
-0.989072	1.000000
-0.989072	1.000000
-0.987783	1.000000
-0.989072	1.000000
-0.987783	1.000000
-0.989072	1.000000
-0.989072	1.000000
-0.987783	1.000000
-0.987783	1.000000
-0.987783	1.000000
-0.987783	1.000000
-0.987783	1.000000
-0.987783	1.000000
-0.987783	0.000000
-0.980050	0.000000
-0.950407	0.000000
-0.909164	0.000000
-0.896276	0.000000
-0.870499	0.000000
-0.777703	0.000000
-0.672018	0.000000
-0.553446	0.000000
-0.491582	0.000000
-0.473538	0.000000
-0.436162	0.000000
-0.411674	0.000000
-0.392341	0.000000
-0.367853	0.000000
-0.333055	0.000000
-0.318878	0.000000
-0.304700	0.000000
-0.291812	0.000000
-0.278924	0.000000
-0.272480	0.000000
-0.244125	0.000000
-0.237681	0.000000
-0.227370	0.000000
-0.217060	0.000000
-0.208038	0.000000
-0.193861	0.000000
-0.189994	0.000000
-0.180972	0.000000
-0.174528	0.000000
-0.162929	0.000000
-0.155196	0.000000
-0.148751	0.000000
-0.146174	0.000000
-0.141018	0.000000
-0.134574	0.000000
-0.125552	0.000000
-0.122975	0.000000
-0.115242	0.000000
-0.112664	0.000000
-0.108797	0.000000
-0.102353	0.000000
-0.099776	0.000000
-0.095909	0.000000
-0.092043	0.000000
-0.088176	0.000000
-0.079154	0.000000
-0.075288	0.000000
-0.073999	0.000000
-0.071421	0.000000
-0.068844	0.000000
-0.066266	0.000000
-0.063688	0.000000
-0.059822	0.000000
-0.058533	0.000000
-0.055955	0.000000
-0.054666	0.000000
-0.053378	0.000000
-0.050800	0.000000
-0.049511	0.000000
-0.046933	0.000000
-0.046933	0.000000
-0.044356	0.000000
-0.041778	0.000000
-0.040489	0.000000
-0.039200	0.000000
-0.037912	0.000000
-0.037912	0.000000
-0.036623	0.000000
-0.035334	0.000000
-0.034045	0.000000
-0.031467	0.000000
-0.031467	0.000000
-0.030179	0.000000
-0.030179	0.000000
-0.030179	0.000000
-0.028890	0.000000
-0.027601	0.000000
-0.026312	0.000000
-0.025023	0.000000
-0.025023	0.000000
-0.025023	0.000000
-0.023734	0.000000
-0.022446	0.000000
-0.022446	0.000000
-0.022446	0.000000
-0.021157	0.000000
-0.018579	0.000000
-0.018579	0.000000
-0.017290	0.000000
-0.018579	0.000000
-0.017290	0.000000
-0.016001	0.000000
-0.016001	0.000000
-0.014713	0.000000
-0.014713	0.000000
-0.014713	0.000000
-0.013424	0.000000
-0.013424	0.000000
-0.013424	0.000000
-0.013424	0.000000
-0.013424	0.000000
-0.012135	0.000000
-0.013424	0.000000
-0.012135	0.000000
-0.013424	0.000000
-0.012135	0.000000
-0.012135	0.000000
-0.012135	0.000000
-0.012135	0.000000
-0.012135	0.000000
-0.012135	0.000000
-0.010846	0.000000
-0.012135	0.000000
-0.010846	0.000000
-0.010846	0.000000
-0.010846	0.000000
-0.010846	0.000000
-0.010846	0.000000
-0.010846	0.000000
-0.010846	0.000000
-0.010846	0.000000
-0.010846	0.000000
-0.010846	0.000000
-0.010846	0.000000
-0.010846	0.000000
-0.010846	0.000000
-0.010846	0.000000
-0.009557	0.000000
-0.010846	0.000000
-0.009557	0.000000
-0.009557	0.000000
-0.009557	0.000000
-0.009557	0.000000
-0.010846	0.000000
-0.009557	0.000000
-0.010846	0.000000
-0.009557	0.000000
-0.009557	0.000000
-0.009557	0.000000
-0.009557	0.000000
-0.009557	0.000000
-0.009557	0.000000
-0.009557	0.000000
-0.009557	0.000000
-0.009557	0.000000
-0.008268	0.000000
-0.009557	0.000000
-0.008268	0.000000
-0.009557	0.000000
-0.008268	0.000000
-0.008268	0.000000
-0.008268	0.000000
-0.009557	0.000000
-0.008268	0.000000
-0.009557	0.000000
-0.009557	0.000000
-0.009557	0.000000
-0.008268	0.000000
-0.008268	0.000000
-0.008268	0.000000
-0.008268	0.000000
-0.008268	0.000000
-0.009557	0.000000
-0.008268	0.000000
-0.008268	0.000000
-0.008268	0.000000
-0.008268	0.000000
-0.008268	0.000000
-0.008268	0.000000
-0.008268	0.000000
-0.008268	0.000000
-0.008268	0.000000
-0.006980	0.000000
-0.008268	0.000000
-0.008268	0.000000
-0.006980	0.000000
-0.008268	0.000000
-0.006980	0.000000
-0.006980	0.000000
-0.008268	0.000000
-0.008268	0.000000
-0.006980	0.000000
-0.008268	0.000000
-0.008268	0.000000
-0.006980	0.000000
-0.008268	0.000000
-0.006980	0.000000
-0.006980	0.000000
-0.006980	0.000000
-0.006980	0.000000
-0.006980	0.000000
-0.006980	0.000000
-0.006980	0.000000
-0.006980	0.000000
-0.006980	0.000000
-0.006980	0.000000
-0.006980	0.000000
-0.006980	0.000000
-0.008268	0.000000
-0.006980	0.000000
-0.008268	0.000000
-0.006980	0.000000
-0.006980	0.000000
-0.008268	0.000000
-0.006980	0.000000
-0.005691	0.000000
-0.005691	0.000000
-0.006980	0.000000
-0.006980	0.000000
-0.006980	0.000000
-0.006980	0.000000
-0.006980	0.000000
-0.006980	0.000000
-0.006980	0.000000
-0.008268	0.000000
-0.006980	0.000000
-0.006980	0.000000
-0.006980	0.000000
-0.006980	0.000000
-0.006980	0.000000
-0.006980	0.000000
-0.005691	0.000000
-0.006980	0.000000
-0.006980	0.000000
-0.006980	0.000000
-0.006980	0.000000
-0.005691	0.000000
-0.005691	0.000000
-0.006980	0.000000
-0.006980	0.000000
-0.006980	0.000000
-0.006980	0.000000
-0.006980	0.000000
-0.006980	0.000000
-0.006980	0.000000
-0.006980	0.000000
-0.006980	0.000000
-0.005691	0.000000
-0.006980	0.000000
-0.006980	0.000000
-0.006980	0.000000
-0.005691	0.000000
-0.005691	0.000000
-0.005691	0.000000
-0.005691	0.000000
-0.006980	0.000000
-0.006980	0.000000
-0.005691	0.000000
-0.005691	0.000000
-0.006980	0.000000
-0.005691	0.000000
-0.006980	0.000000
-0.006980	0.000000
-0.006980	0.000000
-0.005691	0.000000
-0.006980	0.000000
-0.005691	0.000000
-0.006980	0.000000
-0.006980	0.000000
-0.005691	0.000000
-0.006980	0.000000
-0.005691	0.000000
-0.005691	0.000000
-0.005691	0.000000
-0.006980	0.000000
-0.006980	0.000000
-0.005691	0.000000
-0.005691	0.000000
-0.006980	0.000000
-0.005691	0.000000
-0.005691	0.000000
-0.005691	0.000000
-0.005691	0.000000
-0.006980	0.000000
-0.005691	0.000000
-0.005691	0.000000
-0.005691	0.000000
-0.006980	0.000000
-0.005691	0.000000
-0.005691	0.000000
-0.005691	0.000000
-0.005691	0.000000
-0.005691	0.000000
-0.005691	0.000000
-0.006980	0.000000
-0.005691	0.000000
-0.005691	0.000000
-0.005691	0.000000
-0.005691	0.000000
-0.006980	0.000000
-0.005691	0.000000
-0.005691	0.000000
-0.005691	0.000000
-0.005691	0.000000
-0.006980	0.000000
-0.006980	0.000000
-0.006980	0.000000
-0.006980	0.000000
-0.005691	0.000000
-0.006980	0.000000
-0.005691	0.000000
-0.006980	0.000000
-0.005691	0.000000
-0.005691	0.000000
-0.005691	0.000000
-0.005691	0.000000
-0.005691	0.000000
-0.005691	0.000000
-0.005691	0.000000
-0.005691	0.000000
-0.006980	0.000000
-0.004402	0.000000
-0.005691	0.000000
-0.005691	0.000000
-0.005691	0.000000
-0.005691	0.000000
-0.005691	0.000000
-0.005691	0.000000
-0.006980	0.000000
-0.005691	0.000000
-0.005691	0.000000
-0.005691	0.000000
-0.005691	0.000000
-0.005691	0.000000
-0.005691	0.000000
-0.005691	0.000000
-0.006980	0.000000
-0.005691	0.000000
-0.005691	0.000000
-0.005691	0.000000
-0.005691	0.000000
-0.005691	0.000000
-0.006980	0.000000
-0.006980	0.000000
-0.005691	0.000000
-0.005691	0.000000
-0.005691	0.000000
-0.005691	0.000000
-0.005691	0.000000
-0.005691	0.000000
-0.005691	0.000000
-0.006980	0.000000
-0.005691	0.000000
-0.005691	0.000000
-0.005691	0.000000
-0.005691	0.000000
-0.005691	0.000000
-0.005691	0.000000
-0.005691	0.000000
-0.005691	0.000000
-0.005691	0.000000
-0.005691	0.000000
-0.005691	0.000000
-0.005691	0.000000
-0.006980	0.000000
-0.005691	0.000000
-0.005691	0.000000
-0.005691	0.000000
-0.005691	0.000000
-0.004402	0.000000
-0.005691	0.000000
-0.006980	0.000000
-0.005691	0.000000
-0.005691	0.000000
-0.004402	0.000000
-0.005691	0.000000
-0.005691	0.000000
-0.005691	0.000000
-0.005691	0.000000
-0.005691	0.000000
-0.005691	0.000000
-0.005691	0.000000
-0.005691	0.000000
-0.005691	0.000000
-0.005691	0.000000
-0.005691	0.000000
-0.005691	0.000000
-0.005691	0.000000
-0.005691	0.000000
-0.005691	0.000000
-0.005691	0.000000
-0.005691	0.000000
-0.005691	0.000000
-0.005691	0.000000
-0.005691	0.000000
-0.005691	0.000000
-0.005691	0.000000
-0.005691	0.000000
-0.005691	0.000000
-0.005691	0.000000
-0.005691	0.000000
-0.005691	0.000000
-0.005691	0.000000
-0.005691	0.000000
-0.005691	0.000000
-0.004402	0.000000
-0.005691	0.000000
-0.004402	0.000000
-0.005691	0.000000
-0.005691	0.000000
-0.005691	0.000000
-0.004402	0.000000
-0.005691	0.000000
-0.004402	0.000000
-0.005691	0.000000
-0.005691	0.000000
-0.005691	0.000000
-0.005691	0.000000
-0.005691	0.000000
-0.005691	0.000000
-0.005691	0.000000
-0.005691	0.000000
-0.005691	0.000000
-0.005691	0.000000
-0.005691	0.000000
-0.005691	0.000000
-0.005691	0.000000
-0.005691	0.000000
-0.005691	0.000000
-0.005691	0.000000
-0.005691	0.000000
-0.004402	0.000000
-0.005691	0.000000
-0.004402	0.000000
-0.005691	0.000000
-0.005691	0.000000
-0.005691	0.000000
-0.005691	0.000000
-0.005691	0.000000
-0.004402	0.000000
-0.005691	0.000000
-0.004402	0.000000
-0.005691	0.000000
-0.005691	0.000000
-0.005691	0.000000
-0.005691	0.000000
-0.006980	0.000000
-0.005691	0.000000
-0.005691	0.000000
-0.004402	0.000000
-0.005691	0.000000
-0.005691	0.000000
-0.004402	0.000000
-0.005691	0.000000
-0.005691	0.000000
-0.006980	0.000000
-0.005691	0.000000
-0.005691	0.000000
-0.005691	0.000000
-0.004402	0.000000
-0.005691	0.000000
-0.004402	0.000000
-0.005691	0.000000
-0.005691	0.000000
-0.005691	0.000000
-0.005691	0.000000
-0.005691	0.000000
-0.005691	0.000000
-0.005691	0.000000
-0.005691	0.000000
-0.005691	0.000000
-0.005691	0.000000
-0.004402	0.000000
-0.005691	0.000000
-0.005691	0.000000
-0.005691	0.000000
-0.005691	0.000000
-0.005691	0.000000
-0.005691	0.000000
-0.005691	0.000000
-0.005691	0.000000
-0.005691	0.000000
-0.005691	0.000000
-0.005691	0.000000
-0.005691	0.000000
-0.005691	0.000000
-0.005691	0.000000
-0.005691	0.000000
-0.004402	0.000000
-0.005691	0.000000
-0.005691	0.000000
-0.005691	0.000000
-0.004402	0.000000
-0.005691	0.000000
-0.005691	0.000000
-0.005691	0.000000
-0.005691	0.000000
-0.005691	0.000000
-0.005691	0.000000
-0.004402	0.000000
-0.005691	0.000000
-0.005691	0.000000
-0.005691	0.000000
-0.004402	0.000000
-0.005691	0.000000
-0.005691	0.000000
-0.005691	0.000000
-0.005691	0.000000
-0.005691	0.000000
-0.005691	1.000000
-0.006980	1.000000
-0.016001	1.000000
-0.061111	1.000000
-0.086887	1.000000
-0.101064	1.000000
-0.129419	1.000000
-0.160351	1.000000
-0.249281	1.000000
-0.278924	1.000000
-0.294390	1.000000
-0.322744	1.000000
-0.367853	1.000000
-0.418118	1.000000
-0.432295	1.000000
-0.456783	1.000000
-0.492870	1.000000
-0.513492	1.000000
-0.577934	1.000000
-0.603710	1.000000
-0.620465	1.000000
-0.687484	1.000000
-0.700373	1.000000
-0.740327	1.000000
-0.764815	1.000000
-0.789302	1.000000
-0.889832	1.000000
-0.893698	1.000000
-0.897565	1.000000
-0.901431	1.000000
-0.905298	1.000000
-0.913031	1.000000
-0.915608	1.000000
-0.919475	1.000000
-0.922052	1.000000
-0.924630	1.000000
-0.927208	1.000000
-0.929786	1.000000
-0.932363	1.000000
-0.934941	1.000000
-0.936230	1.000000
-0.940096	1.000000
-0.940096	1.000000
-0.942674	1.000000
-0.942674	1.000000
-0.945252	1.000000
-0.949118	1.000000
-0.950407	1.000000
-0.950407	1.000000
-0.951696	1.000000
-0.954273	1.000000
-0.954273	1.000000
-0.956851	1.000000
-0.956851	1.000000
-0.959429	1.000000
-0.959429	1.000000
-0.960718	1.000000
-0.960718	1.000000
-0.962006	1.000000
-0.963295	1.000000
-0.963295	1.000000
-0.964584	1.000000
-0.967162	1.000000
-0.965873	1.000000
-0.967162	1.000000
-0.965873	1.000000
-0.969739	1.000000
-0.968451	1.000000
-0.969739	1.000000
-0.971028	1.000000
-0.969739	1.000000
-0.971028	1.000000
-0.971028	1.000000
-0.972317	1.000000
-0.973606	1.000000
-0.972317	1.000000
-0.973606	1.000000
-0.973606	1.000000
-0.974895	1.000000
-0.974895	1.000000
-0.976184	1.000000
-0.976184	1.000000
-0.976184	1.000000
-0.976184	1.000000
-0.977472	1.000000
-0.978761	1.000000
-0.977472	1.000000
-0.978761	1.000000
-0.978761	1.000000
-0.978761	1.000000
-0.980050	1.000000
-0.978761	1.000000
-0.978761	1.000000
-0.980050	1.000000
-0.980050	1.000000
-0.980050	1.000000
-0.981339	1.000000
-0.980050	1.000000
-0.981339	1.000000
-0.981339	1.000000
-0.982628	1.000000
-0.981339	1.000000
-0.982628	1.000000
-0.981339	1.000000
-0.981339	1.000000
-0.981339	1.000000
-0.982628	1.000000
-0.982628	1.000000
-0.982628	1.000000
-0.982628	1.000000
-0.982628	1.000000
-0.982628	1.000000
-0.982628	1.000000
-0.982628	1.000000
-0.982628	1.000000
-0.983917	1.000000
-0.983917	1.000000
-0.983917	1.000000
-0.983917	1.000000
-0.983917	1.000000
-0.983917	1.000000
-0.983917	1.000000
-0.985205	1.000000
-0.982628	1.000000
-0.983917	1.000000
-0.983917	1.000000
-0.983917	1.000000
-0.983917	1.000000
-0.983917	1.000000
-0.982628	1.000000
-0.983917	1.000000
-0.983917	1.000000
-0.985205	1.000000
-0.983917	1.000000
-0.985205	1.000000
-0.983917	1.000000
-0.983917	1.000000
-0.985205	1.000000
-0.985205	1.000000
-0.985205	1.000000
-0.985205	1.000000
-0.985205	1.000000
-0.983917	1.000000
-0.985205	1.000000
-0.983917	1.000000
-0.985205	1.000000
-0.983917	1.000000
-0.985205	1.000000
-0.983917	1.000000
-0.985205	1.000000
-0.985205	1.000000
-0.986494	1.000000
-0.985205	1.000000
-0.985205	1.000000
-0.985205	1.000000
-0.985205	1.000000
-0.985205	1.000000
-0.985205	1.000000
-0.985205	1.000000
-0.985205	1.000000
-0.985205	1.000000
-0.985205	1.000000
-0.985205	1.000000
-0.985205	1.000000
-0.985205	1.000000
-0.985205	1.000000
-0.985205	1.000000
-0.986494	1.000000
-0.986494	1.000000
-0.986494	1.000000
-0.986494	1.000000
-0.985205	1.000000
-0.985205	1.000000
-0.986494	1.000000
-0.986494	1.000000
-0.985205	1.000000
-0.985205	1.000000
-0.986494	1.000000
-0.986494	1.000000
-0.986494	1.000000
-0.985205	1.000000
-0.985205	1.000000
-0.986494	1.000000
-0.986494	1.000000
-0.986494	1.000000
-0.986494	1.000000
-0.986494	1.000000
-0.986494	1.000000
-0.985205	1.000000
-0.986494	1.000000
-0.986494	1.000000
-0.986494	1.000000
-0.986494	1.000000
-0.986494	1.000000
-0.986494	1.000000
-0.986494	1.000000
-0.987783	1.000000
-0.986494	1.000000
-0.986494	1.000000
-0.987783	1.000000
-0.986494	1.000000
-0.986494	1.000000
-0.986494	1.000000
-0.986494	1.000000
-0.986494	1.000000
-0.987783	1.000000
-0.987783	1.000000
-0.987783	1.000000
-0.986494	1.000000
-0.986494	1.000000
-0.986494	1.000000
-0.986494	1.000000
-0.986494	1.000000
-0.986494	1.000000
-0.987783	1.000000
-0.986494	1.000000
-0.986494	1.000000
-0.986494	1.000000
-0.986494	1.000000
-0.987783	1.000000
-0.986494	1.000000
-0.986494	1.000000
-0.987783	1.000000
-0.987783	1.000000
-0.986494	1.000000
-0.986494	1.000000
-0.985205	1.000000
-0.986494	1.000000
-0.986494	1.000000
-0.987783	1.000000
-0.986494	1.000000
-0.986494	1.000000
-0.987783	1.000000
-0.986494	1.000000
-0.986494	1.000000
-0.985205	1.000000
-0.987783	1.000000
-0.987783	1.000000
-0.986494	1.000000
-0.986494	1.000000
-0.986494	1.000000
-0.986494	1.000000
-0.986494	1.000000
-0.986494	1.000000
-0.989072	1.000000
-0.987783	1.000000
-0.986494	1.000000
-0.986494	1.000000
-0.986494	1.000000
-0.987783	1.000000
-0.986494	1.000000
-0.987783	1.000000
-0.986494	1.000000
-0.986494	1.000000
-0.986494	1.000000
-0.986494	1.000000
-0.985205	1.000000
-0.986494	1.000000
-0.987783	1.000000
-0.987783	1.000000
-0.987783	1.000000
-0.986494	1.000000
-0.986494	1.000000
-0.987783	1.000000
-0.986494	1.000000
-0.986494	1.000000
-0.987783	1.000000
-0.986494	1.000000
-0.986494	1.000000
-0.987783	1.000000
-0.987783	1.000000
-0.987783	1.000000
-0.987783	1.000000
-0.986494	1.000000
-0.986494	1.000000
-0.987783	1.000000
-0.987783	1.000000
-0.987783	1.000000
-0.987783	1.000000
-0.986494	1.000000
-0.987783	1.000000
-0.987783	1.000000
-0.987783	1.000000
-0.986494	1.000000
-0.987783	1.000000
-0.987783	1.000000
-0.987783	1.000000
-0.987783	1.000000
-0.987783	1.000000
-0.986494	1.000000
-0.987783	1.000000
-0.987783	1.000000
-0.987783	1.000000
-0.987783	1.000000
-0.986494	1.000000
-0.987783	1.000000
-0.987783	1.000000
-0.987783	1.000000
-0.987783	1.000000
-0.987783	1.000000
-0.987783	1.000000
-0.987783	1.000000
-0.987783	1.000000
-0.987783	1.000000
-0.987783	1.000000
-0.987783	1.000000
-0.987783	1.000000
-0.987783	1.000000
-0.987783	1.000000
-0.987783	1.000000
-0.987783	1.000000
-0.987783	1.000000
-0.989072	1.000000
-0.987783	1.000000
-0.987783	1.000000
-0.987783	1.000000
-0.987783	1.000000
-0.987783	1.000000
-0.987783	1.000000
-0.987783	1.000000
-0.987783	1.000000
-0.987783	1.000000
-0.987783	1.000000
-0.987783	1.000000
-0.987783	1.000000
-0.987783	1.000000
-0.987783	1.000000
-0.987783	1.000000
-0.987783	1.000000
-0.987783	1.000000
-0.987783	1.000000
-0.987783	1.000000
-0.987783	1.000000
-0.987783	1.000000
-0.987783	1.000000
-0.987783	1.000000
-0.987783	1.000000
-0.987783	1.000000
-0.987783	1.000000
-0.987783	1.000000
-0.987783	1.000000
-0.987783	1.000000
-0.987783	1.000000
-0.989072	1.000000
-0.987783	1.000000
-0.987783	1.000000
-0.987783	1.000000
-0.987783	1.000000
-0.987783	1.000000
-0.987783	1.000000
-0.987783	1.000000
-0.987783	1.000000
-0.987783	1.000000
-0.987783	1.000000
-0.987783	1.000000
-0.987783	1.000000
-0.987783	1.000000
-0.987783	1.000000
-0.987783	1.000000
-0.987783	1.000000
-0.987783	1.000000
-0.987783	1.000000
-0.987783	1.000000
-0.989072	1.000000
-0.987783	1.000000
-0.989072	1.000000
-0.987783	1.000000
-0.986494	1.000000
-0.987783	1.000000
-0.987783	1.000000
-0.987783	1.000000
-0.987783	1.000000
-0.987783	1.000000
-0.987783	1.000000
-0.987783	1.000000
-0.987783	1.000000
-0.987783	1.000000
-0.987783	1.000000
-0.987783	1.000000
-0.987783	1.000000
-0.987783	1.000000
-0.987783	1.000000
-0.987783	1.000000
-0.987783	1.000000
-0.989072	1.000000
-0.987783	1.000000
-0.987783	1.000000
-0.987783	1.000000
-0.987783	1.000000
-0.987783	1.000000
-0.987783	1.000000
-0.989072	1.000000
-0.987783	1.000000
-0.987783	1.000000
-0.987783	1.000000
-0.987783	1.000000
-0.987783	1.000000
-0.987783	1.000000
-0.987783	1.000000
-0.989072	1.000000
-0.987783	1.000000
-0.987783	1.000000
-0.987783	1.000000
-0.987783	1.000000
-0.989072	1.000000
-0.987783	1.000000
-0.987783	1.000000
-0.987783	1.000000
-0.987783	1.000000
-0.987783	1.000000
-0.987783	1.000000
-0.987783	1.000000
-0.987783	1.000000
-0.987783	1.000000
-0.987783	1.000000
-0.987783	1.000000
-0.987783	1.000000
-0.987783	1.000000
-0.987783	1.000000
-0.987783	1.000000
-0.987783	1.000000
-0.989072	1.000000
-0.987783	1.000000
-0.989072	1.000000
-0.987783	1.000000
-0.987783	1.000000
-0.987783	1.000000
-0.989072	1.000000
-0.989072	1.000000
-0.987783	1.000000
-0.987783	1.000000
-0.987783	1.000000
-0.987783	1.000000
-0.987783	1.000000
-0.989072	1.000000
-0.989072	1.000000
-0.987783	1.000000
-0.987783	1.000000
-0.989072	1.000000
-0.987783	1.000000
-0.987783	1.000000
-0.987783	1.000000
-0.989072	1.000000
-0.986494	1.000000
-0.986494	1.000000
-0.987783	1.000000
-0.989072	1.000000
-0.987783	1.000000
-0.987783	1.000000
-0.987783	1.000000
-0.989072	1.000000
-0.987783	1.000000
-0.987783	1.000000
-0.989072	1.000000
-0.989072	1.000000
-0.987783	1.000000
-0.987783	1.000000
-0.989072	1.000000
-0.987783	1.000000
-0.989072	1.000000
-0.987783	1.000000
-0.987783	1.000000
-0.987783	1.000000
-0.987783	1.000000
-0.989072	1.000000
-0.989072	1.000000
-0.987783	1.000000
-0.987783	1.000000
-0.987783	1.000000
-0.989072	1.000000
-0.987783	1.000000
-0.987783	1.000000
-0.989072	1.000000
-0.989072	1.000000
-0.987783	1.000000
-0.989072	1.000000
-0.987783	1.000000
-0.989072	1.000000
-0.987783	1.000000
-0.987783	1.000000
-0.987783	1.000000
-0.987783	1.000000
-0.987783	1.000000
-0.987783	1.000000
-0.987783	1.000000
-0.989072	1.000000
-0.987783	1.000000
-0.987783	1.000000
-0.987783	1.000000
-0.987783	1.000000
-0.989072	1.000000
-0.987783	1.000000
-0.987783	1.000000
-0.987783	1.000000
-0.987783	1.000000
-0.989072	1.000000
-0.989072	1.000000
-0.989072	1.000000
-0.987783	1.000000
-0.987783	1.000000
-0.986494	0.000000
-0.977472	0.000000
-0.962006	0.000000
-0.941385	0.000000
-0.897565	0.000000
-0.864055	0.000000
-0.834412	0.000000
-0.803480	0.000000
-0.773836	0.000000
-0.744193	0.000000
-0.728727	0.000000
-0.614021	0.000000
-0.586955	0.000000
-0.561179	0.000000
-0.549579	0.000000
-0.512203	0.000000
-0.501892	0.000000
-0.467094	0.000000
-0.446472	0.000000
-0.437450	0.000000
-0.406518	0.000000
-0.398785	0.000000
-0.380742	0.000000
-0.354965	0.000000
-0.345943	0.000000
-0.324033	0.000000
-0.316300	0.000000
-0.295679	0.000000
-0.289234	0.000000
-0.268613	0.000000
-0.236392	0.000000
-0.224793	0.000000
-0.218348	0.000000
-0.192572	0.000000
-0.183550	0.000000
-0.169373	0.000000
-0.161640	0.000000
-0.144885	0.000000
-0.131997	0.000000
-0.126841	0.000000
-0.121686	0.000000
-0.112664	0.000000
-0.093331	0.000000
-0.084310	0.000000
-0.073999	0.000000
-0.070132	0.000000
-0.068844	0.000000
-0.066266	0.000000
-0.061111	0.000000
-0.058533	0.000000
-0.054666	0.000000
-0.054666	0.000000
-0.052089	0.000000
-0.046933	0.000000
-0.041778	0.000000
-0.040489	0.000000
-0.037912	0.000000
-0.035334	0.000000
-0.036623	0.000000
-0.035334	0.000000
-0.034045	0.000000
-0.032756	0.000000
-0.030179	0.000000
-0.030179	0.000000
-0.028890	0.000000
-0.027601	0.000000
-0.027601	0.000000
-0.026312	0.000000
-0.026312	0.000000
-0.023734	0.000000
-0.025023	0.000000
-0.023734	0.000000
-0.023734	0.000000
-0.022446	0.000000
-0.022446	0.000000
-0.022446	0.000000
-0.021157	0.000000
-0.019868	0.000000
-0.021157	0.000000
-0.019868	0.000000
-0.019868	0.000000
-0.018579	0.000000
-0.018579	0.000000
-0.018579	0.000000
-0.017290	0.000000
-0.017290	0.000000
-0.017290	0.000000
-0.017290	0.000000
-0.017290	0.000000
-0.016001	0.000000
-0.014713	0.000000
-0.016001	0.000000
-0.016001	0.000000
-0.014713	0.000000
-0.014713	0.000000
-0.014713	0.000000
-0.013424	0.000000
-0.013424	0.000000
-0.013424	0.000000
-0.013424	0.000000
-0.013424	0.000000
-0.013424	0.000000
-0.013424	0.000000
-0.013424	0.000000
-0.012135	0.000000
-0.012135	0.000000
-0.012135	0.000000
-0.012135	0.000000
-0.012135	0.000000
-0.012135	0.000000
-0.012135	0.000000
-0.012135	0.000000
-0.012135	0.000000
-0.010846	0.000000
-0.012135	0.000000
-0.012135	0.000000
-0.010846	0.000000
-0.010846	0.000000
-0.010846	0.000000
-0.010846	0.000000
-0.010846	0.000000
-0.010846	0.000000
-0.009557	0.000000
-0.010846	0.000000
-0.010846	0.000000
-0.009557	0.000000
-0.009557	0.000000
-0.009557	0.000000
-0.010846	0.000000
-0.009557	0.000000
-0.009557	0.000000
-0.009557	0.000000
-0.009557	0.000000
-0.009557	0.000000
-0.008268	0.000000
-0.008268	0.000000
-0.009557	0.000000
-0.008268	0.000000
-0.008268	0.000000
-0.008268	0.000000
-0.008268	0.000000
-0.009557	0.000000
-0.008268	0.000000
-0.009557	0.000000
-0.009557	0.000000
-0.008268	0.000000
-0.008268	0.000000
-0.008268	0.000000
-0.008268	0.000000
-0.008268	0.000000
-0.008268	0.000000
-0.008268	0.000000
-0.008268	0.000000
-0.008268	0.000000
-0.008268	0.000000
-0.008268	0.000000
-0.008268	0.000000
-0.006980	0.000000
-0.008268	0.000000
-0.008268	0.000000
-0.008268	0.000000
-0.008268	0.000000
-0.008268	0.000000
-0.008268	0.000000
-0.008268	0.000000
-0.006980	0.000000
-0.008268	0.000000
-0.006980	0.000000
-0.008268	0.000000
-0.008268	0.000000
-0.008268	0.000000
-0.006980	0.000000
-0.008268	0.000000
-0.006980	0.000000
-0.008268	0.000000
-0.006980	0.000000
-0.008268	0.000000
-0.006980	0.000000
-0.008268	0.000000
-0.006980	0.000000
-0.006980	0.000000
-0.008268	0.000000
-0.008268	0.000000
-0.006980	0.000000
-0.006980	0.000000
-0.008268	0.000000
-0.008268	0.000000
-0.006980	0.000000
-0.006980	0.000000
-0.006980	0.000000
-0.006980	0.000000
-0.006980	0.000000
-0.008268	0.000000
-0.006980	0.000000
-0.006980	0.000000
-0.008268	0.000000
-0.006980	0.000000
-0.006980	0.000000
-0.006980	0.000000
-0.008268	0.000000
-0.006980	0.000000
-0.006980	0.000000
-0.006980	0.000000
-0.005691	0.000000
-0.008268	0.000000
-0.006980	0.000000
-0.006980	0.000000
-0.006980	0.000000
-0.008268	0.000000
-0.006980	0.000000
-0.005691	0.000000
-0.006980	0.000000
-0.006980	0.000000
-0.006980	0.000000
-0.006980	0.000000
-0.006980	0.000000
-0.006980	0.000000
-0.006980	0.000000
-0.006980	0.000000
-0.006980	0.000000
-0.006980	0.000000
-0.006980	0.000000
-0.006980	0.000000
-0.006980	0.000000
-0.006980	0.000000
-0.005691	0.000000
-0.005691	0.000000
-0.006980	0.000000
-0.006980	0.000000
-0.006980	0.000000
-0.006980	0.000000
-0.006980	0.000000
-0.006980	0.000000
-0.006980	0.000000
-0.005691	0.000000
-0.006980	0.000000
-0.005691	0.000000
-0.006980	0.000000
-0.006980	0.000000
-0.006980	0.000000
-0.006980	0.000000
-0.006980	0.000000
-0.006980	0.000000
-0.006980	0.000000
-0.006980	0.000000
-0.006980	0.000000
-0.005691	0.000000
-0.005691	0.000000
-0.006980	0.000000
-0.006980	0.000000
-0.005691	0.000000
-0.006980	0.000000
-0.005691	0.000000
-0.005691	0.000000
-0.006980	0.000000
-0.006980	0.000000
-0.005691	0.000000
-0.005691	0.000000
-0.004402	0.000000
-0.005691	0.000000
-0.005691	0.000000
-0.005691	0.000000
-0.005691	0.000000
-0.006980	0.000000
-0.006980	0.000000
-0.005691	0.000000
-0.006980	0.000000
-0.006980	0.000000
-0.005691	0.000000
-0.006980	0.000000
-0.006980	0.000000
-0.005691	0.000000
-0.005691	0.000000
-0.005691	0.000000
-0.005691	0.000000
-0.005691	0.000000
-0.006980	0.000000
-0.005691	0.000000
-0.006980	0.000000
-0.006980	0.000000
-0.005691	0.000000
-0.006980	0.000000
-0.005691	0.000000
-0.005691	0.000000
-0.006980	0.000000
-0.006980	0.000000
-0.006980	0.000000
-0.006980	0.000000
-0.005691	0.000000
-0.005691	0.000000
-0.005691	0.000000
-0.006980	0.000000
-0.006980	0.000000
-0.005691	0.000000
-0.005691	0.000000
-0.006980	0.000000
-0.005691	0.000000
-0.006980	0.000000
-0.005691	0.000000
-0.005691	0.000000
-0.006980	0.000000
-0.005691	0.000000
-0.005691	0.000000
-0.005691	0.000000
-0.005691	0.000000
-0.005691	0.000000
-0.005691	0.000000
-0.005691	0.000000
-0.005691	0.000000
-0.005691	0.000000
-0.006980	0.000000
-0.005691	0.000000
-0.005691	0.000000
-0.005691	0.000000
-0.005691	0.000000
-0.005691	0.000000
-0.005691	0.000000
-0.005691	0.000000
-0.005691	0.000000
-0.005691	0.000000
-0.005691	0.000000
-0.005691	0.000000
-0.005691	0.000000
-0.005691	0.000000
-0.005691	0.000000
-0.005691	0.000000
-0.005691	0.000000
-0.005691	0.000000
-0.005691	0.000000
-0.005691	0.000000
-0.006980	0.000000
-0.005691	0.000000
-0.006980	0.000000
-0.005691	0.000000
-0.005691	0.000000
-0.005691	0.000000
-0.005691	0.000000
-0.005691	0.000000
-0.005691	0.000000
-0.005691	0.000000
-0.005691	0.000000
-0.005691	0.000000
-0.005691	0.000000
-0.005691	0.000000
-0.005691	0.000000
-0.006980	0.000000
-0.005691	0.000000
-0.005691	0.000000
-0.005691	0.000000
-0.005691	0.000000
-0.005691	0.000000
-0.005691	0.000000
-0.005691	0.000000
-0.005691	0.000000
-0.004402	0.000000
-0.005691	0.000000
-0.005691	0.000000
-0.005691	0.000000
-0.005691	0.000000
-0.005691	0.000000
-0.005691	0.000000
-0.005691	0.000000
-0.005691	0.000000
-0.005691	0.000000
-0.005691	0.000000
-0.005691	0.000000
-0.005691	0.000000
-0.006980	0.000000
-0.006980	0.000000
-0.004402	0.000000
-0.005691	0.000000
-0.005691	0.000000
-0.005691	0.000000
-0.004402	0.000000
-0.005691	0.000000
-0.005691	0.000000
-0.005691	0.000000
-0.004402	0.000000
-0.005691	0.000000
-0.004402	0.000000
-0.005691	0.000000
-0.005691	0.000000
-0.005691	0.000000
-0.006980	0.000000
-0.005691	0.000000
-0.005691	0.000000
-0.005691	0.000000
-0.004402	0.000000
-0.005691	0.000000
-0.004402	0.000000
-0.005691	0.000000
-0.005691	0.000000
-0.005691	0.000000
-0.005691	0.000000
-0.005691	0.000000
-0.005691	0.000000
-0.005691	0.000000
-0.005691	0.000000
-0.005691	0.000000
-0.005691	0.000000
-0.005691	0.000000
-0.005691	0.000000
-0.005691	0.000000
-0.005691	0.000000
-0.004402	0.000000
-0.005691	0.000000
-0.005691	0.000000
-0.005691	0.000000
-0.005691	0.000000
-0.005691	0.000000
-0.005691	0.000000
-0.005691	0.000000
-0.005691	0.000000
-0.005691	0.000000
-0.005691	0.000000
-0.004402	0.000000
-0.005691	0.000000
-0.005691	0.000000
-0.005691	0.000000
-0.005691	0.000000
-0.005691	0.000000
-0.005691	0.000000
-0.005691	0.000000
-0.005691	0.000000
-0.005691	0.000000
-0.005691	0.000000
-0.005691	0.000000
-0.005691	0.000000
-0.004402	0.000000
-0.004402	0.000000
-0.005691	0.000000
-0.005691	0.000000
-0.004402	0.000000
-0.005691	0.000000
-0.005691	0.000000
-0.005691	0.000000
-0.004402	0.000000
-0.005691	0.000000
-0.005691	0.000000
-0.005691	0.000000
-0.004402	0.000000
-0.005691	0.000000
-0.005691	0.000000
-0.005691	0.000000
-0.005691	0.000000
-0.005691	0.000000
-0.005691	0.000000
-0.005691	0.000000
-0.004402	0.000000
-0.004402	0.000000
-0.005691	0.000000
-0.005691	0.000000
-0.005691	0.000000
-0.005691	0.000000
-0.005691	0.000000
-0.006980	0.000000
-0.005691	0.000000
-0.005691	0.000000
-0.004402	0.000000
-0.005691	0.000000
-0.005691	0.000000
-0.004402	0.000000
-0.005691	0.000000
-0.005691	0.000000
-0.005691	0.000000
-0.005691	0.000000
-0.005691	0.000000
-0.005691	0.000000
-0.005691	0.000000
-0.005691	0.000000
-0.005691	0.000000
-0.004402	0.000000
-0.005691	0.000000
-0.005691	0.000000
-0.004402	0.000000
-0.005691	0.000000
-0.005691	0.000000
-0.004402	0.000000
-0.004402	0.000000
-0.004402	0.000000
-0.005691	0.000000
-0.005691	0.000000
-0.005691	0.000000
-0.004402	0.000000
-0.005691	0.000000
-0.005691	0.000000
-0.005691	0.000000
-0.004402	0.000000
-0.005691	0.000000
-0.004402	0.000000
-0.005691	0.000000
-0.005691	0.000000
-0.004402	0.000000
-0.005691	0.000000
-0.005691	0.000000
-0.004402	0.000000
-0.004402	0.000000
-0.006980	0.000000
-0.004402	0.000000
-0.005691	0.000000
-0.005691	1.000000
-0.010846	1.000000
-0.014713	1.000000
-0.030179	1.000000
-0.063688	1.000000
-0.076577	1.000000
-0.102353	1.000000
-0.199016	1.000000
-0.236392	1.000000
-0.251858	1.000000
-0.295679	1.000000
-0.309856	1.000000
-0.339499	1.000000
-0.411674	1.000000
-0.421984	1.000000
-0.446472	1.000000
-0.469671	1.000000
-0.492870	1.000000
-0.514781	1.000000
-0.536691	1.000000
-0.559890	1.000000
-0.577934	1.000000
-0.595977	1.000000
-0.614021	1.000000
-0.630776	1.000000
-0.655264	1.000000
-0.670730	1.000000
-0.678463	1.000000
-0.692640	1.000000
-0.705528	1.000000
-0.724861	1.000000
-0.737749	1.000000
-0.748060	1.000000
-0.758370	1.000000
-0.780281	1.000000
-0.793169	1.000000
-0.798324	1.000000
-0.804768	1.000000
-0.813790	1.000000
-0.831834	1.000000
-0.838278	1.000000
-0.846011	1.000000
-0.851167	1.000000
-0.857611	1.000000
-0.870499	1.000000
-0.876943	1.000000
-0.883387	1.000000
-0.923341	1.000000
-0.932363	1.000000
-0.936230	1.000000
-0.937519	1.000000
-0.940096	1.000000
-0.943963	1.000000
-0.946540	1.000000
-0.947829	1.000000
-0.950407	1.000000
-0.951696	1.000000
-0.952985	1.000000
-0.956851	1.000000
-0.956851	1.000000
-0.960718	1.000000
-0.962006	1.000000
-0.962006	1.000000
-0.963295	1.000000
-0.964584	1.000000
-0.964584	1.000000
-0.965873	1.000000
-0.965873	1.000000
-0.967162	1.000000
-0.968451	1.000000
-0.968451	1.000000
-0.968451	1.000000
-0.969739	1.000000
-0.969739	1.000000
-0.969739	1.000000
-0.971028	1.000000
-0.971028	1.000000
-0.972317	1.000000
-0.972317	1.000000
-0.972317	1.000000
-0.973606	1.000000
-0.973606	1.000000
-0.973606	1.000000
-0.974895	1.000000
-0.973606	1.000000
-0.974895	1.000000
-0.974895	1.000000
-0.974895	1.000000
-0.977472	1.000000
-0.976184	1.000000
-0.976184	1.000000
-0.977472	1.000000
-0.977472	1.000000
-0.977472	1.000000
-0.977472	1.000000
-0.978761	1.000000
-0.978761	1.000000
-0.978761	1.000000
-0.978761	1.000000
-0.978761	1.000000
-0.980050	1.000000
-0.980050	1.000000
-0.980050	1.000000
-0.980050	1.000000
-0.980050	1.000000
-0.980050	1.000000
-0.980050	1.000000
-0.980050	1.000000
-0.981339	1.000000
-0.980050	1.000000
-0.981339	1.000000
-0.981339	1.000000
-0.981339	1.000000
-0.981339	1.000000
-0.981339	1.000000
-0.980050	1.000000
-0.982628	1.000000
-0.981339	1.000000
-0.982628	1.000000
-0.981339	1.000000
-0.981339	1.000000
-0.982628	1.000000
-0.982628	1.000000
-0.983917	1.000000
-0.982628	1.000000
-0.982628	1.000000
-0.982628	1.000000
-0.982628	1.000000
-0.983917	1.000000
-0.983917	1.000000
-0.983917	1.000000
-0.982628	1.000000
-0.983917	1.000000
-0.983917	1.000000
-0.983917	1.000000
-0.983917	1.000000
-0.983917	1.000000
-0.983917	1.000000
-0.983917	1.000000
-0.983917	1.000000
-0.983917	1.000000
-0.983917	1.000000
-0.983917	1.000000
-0.983917	1.000000
-0.983917	1.000000
-0.985205	1.000000
-0.983917	1.000000
-0.985205	1.000000
-0.985205	1.000000
-0.983917	1.000000
-0.985205	1.000000
-0.985205	1.000000
-0.985205	1.000000
-0.985205	1.000000
-0.985205	1.000000
-0.985205	1.000000
-0.985205	1.000000
-0.985205	1.000000
-0.986494	1.000000
-0.985205	1.000000
-0.986494	1.000000
-0.985205	1.000000
-0.985205	1.000000
-0.985205	1.000000
-0.985205	1.000000
-0.985205	1.000000
-0.986494	1.000000
-0.986494	1.000000
-0.986494	1.000000
-0.983917	1.000000
-0.986494	1.000000
-0.986494	1.000000
-0.986494	1.000000
-0.986494	1.000000
-0.985205	1.000000
-0.986494	1.000000
-0.985205	1.000000
-0.986494	1.000000
-0.986494	1.000000
-0.986494	1.000000
-0.986494	1.000000
-0.986494	1.000000
-0.986494	1.000000
-0.986494	1.000000
-0.986494	1.000000
-0.986494	1.000000
-0.986494	1.000000
-0.987783	1.000000
-0.986494	1.000000
-0.986494	1.000000
-0.986494	1.000000
-0.986494	1.000000
-0.986494	1.000000
-0.987783	1.000000
-0.986494	1.000000
-0.986494	1.000000
-0.986494	1.000000
-0.986494	1.000000
-0.986494	1.000000
-0.986494	1.000000
-0.986494	1.000000
-0.986494	1.000000
-0.987783	1.000000
-0.985205	1.000000
-0.985205	1.000000
-0.986494	1.000000
-0.986494	1.000000
-0.986494	1.000000
-0.986494	1.000000
-0.986494	1.000000
-0.986494	1.000000
-0.986494	1.000000
-0.987783	1.000000
-0.986494	1.000000
-0.986494	1.000000
-0.986494	1.000000
-0.987783	1.000000
-0.986494	1.000000
-0.986494	1.000000
-0.986494	1.000000
-0.986494	1.000000
