-0.000535	1.000000
0.020086	1.000000
0.063906	1.000000
0.075506	1.000000
0.106438	1.000000
0.157991	1.000000
0.168302	1.000000
0.170880	1.000000
0.178613	1.000000
0.185057	1.000000
0.190212	1.000000
0.191501	1.000000
0.194079	1.000000
0.197945	1.000000
0.201812	1.000000
0.203101	1.000000
0.204389	1.000000
0.205678	1.000000
0.206967	1.000000
0.208256	1.000000
0.209545	1.000000
0.209545	1.000000
0.209545	1.000000
0.210834	1.000000
0.210834	1.000000
0.212122	1.000000
0.212122	1.000000
0.213411	1.000000
0.213411	1.000000
0.213411	1.000000
0.213411	1.000000
0.213411	1.000000
0.213411	1.000000
0.213411	1.000000
0.214700	1.000000
0.213411	1.000000
0.213411	1.000000
0.214700	1.000000
0.214700	1.000000
0.213411	1.000000
0.214700	1.000000
0.213411	1.000000
0.213411	1.000000
0.214700	1.000000
0.214700	1.000000
0.214700	1.000000
0.214700	1.000000
0.214700	1.000000
0.214700	1.000000
0.214700	1.000000
0.214700	1.000000
0.214700	1.000000
0.214700	1.000000
0.214700	1.000000
0.215989	1.000000
0.215989	1.000000
0.214700	1.000000
0.215989	1.000000
0.214700	1.000000
0.214700	1.000000
0.214700	1.000000
0.215989	1.000000
0.215989	1.000000
0.214700	1.000000
0.214700	1.000000
0.214700	1.000000
0.214700	1.000000
0.214700	1.000000
0.215989	1.000000
0.214700	1.000000
0.215989	1.000000
0.214700	1.000000
0.214700	1.000000
0.214700	1.000000
0.215989	1.000000
0.214700	1.000000
0.215989	1.000000
0.214700	1.000000
0.214700	1.000000
0.215989	1.000000
0.214700	1.000000
0.214700	1.000000
0.215989	1.000000
0.215989	1.000000
0.215989	1.000000
0.215989	1.000000
0.214700	1.000000
0.215989	1.000000
0.215989	1.000000
0.215989	1.000000
0.215989	1.000000
0.214700	1.000000
0.214700	1.000000
0.214700	1.000000
0.214700	1.000000
0.215989	1.000000
0.215989	1.000000
0.214700	1.000000
0.215989	1.000000
0.215989	1.000000
0.214700	1.000000
0.214700	1.000000
0.214700	1.000000
0.214700	1.000000
0.215989	1.000000
0.214700	1.000000
0.214700	1.000000
0.215989	1.000000
0.214700	1.000000
0.215989	1.000000
0.215989	1.000000
0.214700	1.000000
0.215989	1.000000
0.215989	1.000000
0.214700	1.000000
0.215989	1.000000
0.215989	1.000000
0.215989	1.000000
0.214700	1.000000
0.214700	1.000000
0.215989	1.000000
0.215989	1.000000
0.215989	1.000000
0.214700	1.000000
0.214700	1.000000
0.214700	1.000000
0.215989	1.000000
0.214700	1.000000
0.214700	1.000000
0.214700	1.000000
0.214700	1.000000
0.215989	1.000000
0.215989	1.000000
0.215989	1.000000
0.214700	1.000000
0.214700	1.000000
0.215989	1.000000
0.214700	1.000000
0.217278	1.000000
0.214700	1.000000
0.214700	1.000000
0.215989	1.000000
0.214700	1.000000
0.214700	1.000000
0.215989	1.000000
0.215989	1.000000
0.214700	1.000000
0.215989	1.000000
0.214700	1.000000
0.215989	1.000000
0.215989	1.000000
0.214700	1.000000
0.215989	1.000000
0.215989	1.000000
0.214700	1.000000
0.215989	1.000000
0.215989	1.000000
0.215989	1.000000
0.214700	1.000000
0.215989	1.000000
0.214700	1.000000
0.215989	1.000000
0.214700	1.000000
0.215989	1.000000
0.215989	1.000000
0.215989	1.000000
0.214700	1.000000
0.215989	1.000000
0.215989	1.000000
0.214700	1.000000
0.215989	1.000000
0.214700	1.000000
0.215989	1.000000
0.214700	1.000000
0.215989	1.000000
0.215989	1.000000
0.214700	1.000000
0.215989	1.000000
0.214700	1.000000
0.215989	1.000000
0.214700	1.000000
0.215989	1.000000
0.215989	1.000000
0.215989	1.000000
0.214700	1.000000
0.214700	1.000000
0.214700	1.000000
0.214700	1.000000
0.215989	1.000000
0.215989	1.000000
0.214700	1.000000
0.214700	1.000000
0.214700	1.000000
0.215989	1.000000
0.214700	1.000000
0.215989	1.000000
0.215989	1.000000
0.215989	1.000000
0.214700	1.000000
0.214700	1.000000
0.214700	1.000000
0.214700	1.000000
0.215989	1.000000
0.214700	1.000000
0.214700	1.000000
0.215989	1.000000
0.214700	1.000000
0.214700	1.000000
0.215989	1.000000
0.214700	1.000000
0.214700	1.000000
0.215989	1.000000
0.215989	1.000000
0.214700	1.000000
0.215989	1.000000
0.215989	1.000000
0.215989	1.000000
0.214700	1.000000
0.215989	1.000000
0.215989	1.000000
0.215989	1.000000
0.214700	1.000000
0.215989	1.000000
0.215989	1.000000
0.215989	1.000000
0.215989	1.000000
0.215989	1.000000
0.214700	1.000000
0.215989	1.000000
0.215989	1.000000
0.215989	1.000000
0.215989	1.000000
0.215989	1.000000
0.215989	1.000000
0.215989	1.000000
0.215989	1.000000
0.215989	1.000000
0.214700	1.000000
0.214700	1.000000
0.215989	1.000000
0.214700	1.000000
0.215989	1.000000
0.214700	1.000000
0.215989	1.000000
0.215989	1.000000
0.215989	1.000000
0.214700	1.000000
0.214700	1.000000
0.215989	1.000000
0.215989	1.000000
0.215989	1.000000
0.215989	1.000000
0.214700	1.000000
0.215989	1.000000
0.215989	1.000000
0.215989	1.000000
0.215989	1.000000
0.214700	1.000000
0.215989	1.000000
0.214700	1.000000
0.215989	1.000000
0.215989	1.000000
0.215989	1.000000
0.215989	1.000000
0.215989	1.000000
0.215989	1.000000
0.215989	1.000000
0.215989	1.000000
0.215989	1.000000
0.214700	1.000000
0.214700	1.000000
0.214700	1.000000
0.214700	1.000000
0.215989	1.000000
0.214700	1.000000
0.215989	1.000000
0.214700	1.000000
0.214700	1.000000
0.214700	1.000000
0.215989	1.000000
0.217278	1.000000
0.214700	1.000000
0.214700	1.000000
0.214700	1.000000
0.215989	1.000000
0.215989	1.000000
0.215989	1.000000
0.215989	1.000000
0.215989	1.000000
0.215989	1.000000
0.215989	1.000000
0.215989	1.000000
0.215989	1.000000
0.215989	1.000000
0.215989	1.000000
0.215989	1.000000
0.215989	1.000000
0.214700	1.000000
0.214700	1.000000
0.215989	1.000000
0.215989	1.000000
0.215989	1.000000
0.215989	1.000000
0.215989	1.000000
0.214700	1.000000
0.215989	1.000000
0.214700	1.000000
0.215989	1.000000
0.215989	1.000000
0.215989	1.000000
0.215989	1.000000
0.214700	1.000000
0.214700	1.000000
0.215989	1.000000
0.214700	1.000000
0.214700	1.000000
0.215989	1.000000
0.215989	1.000000
0.215989	1.000000
0.214700	1.000000
0.215989	1.000000
0.214700	1.000000
0.215989	1.000000
0.215989	1.000000
0.215989	1.000000
0.215989	1.000000
0.215989	1.000000
0.215989	1.000000
0.215989	1.000000
0.215989	1.000000
0.215989	1.000000
0.214700	1.000000
0.215989	1.000000
0.214700	1.000000
0.215989	1.000000
0.215989	1.000000
0.215989	1.000000
0.215989	1.000000
0.215989	1.000000
0.215989	1.000000
0.215989	1.000000
0.215989	1.000000
0.214700	1.000000
0.215989	1.000000
0.215989	1.000000
0.215989	1.000000
0.215989	1.000000
0.215989	1.000000
0.215989	1.000000
0.214700	1.000000
0.215989	1.000000
0.215989	1.000000
0.215989	1.000000
0.214700	1.000000
0.215989	1.000000
0.215989	1.000000
0.215989	1.000000
0.215989	1.000000
0.215989	1.000000
0.215989	1.000000
0.215989	1.000000
0.214700	1.000000
0.214700	1.000000
0.215989	1.000000
0.215989	1.000000
0.215989	1.000000
0.215989	1.000000
0.215989	1.000000
0.215989	1.000000
0.214700	1.000000
0.215989	1.000000
0.215989	1.000000
0.214700	1.000000
0.215989	1.000000
0.215989	1.000000
0.215989	1.000000
0.215989	1.000000
0.215989	1.000000
0.215989	1.000000
0.214700	1.000000
0.215989	1.000000
0.215989	1.000000
0.214700	1.000000
0.215989	1.000000
0.215989	1.000000
0.215989	1.000000
0.215989	1.000000
0.215989	1.000000
0.214700	1.000000
0.215989	1.000000
0.214700	1.000000
0.215989	1.000000
0.215989	1.000000
0.214700	1.000000
0.215989	1.000000
0.215989	1.000000
0.215989	1.000000
0.215989	1.000000
0.215989	1.000000
0.215989	1.000000
0.215989	1.000000
0.215989	1.000000
0.214700	1.000000
0.214700	1.000000
0.214700	1.000000
0.215989	1.000000
0.215989	1.000000
0.215989	1.000000
0.215989	1.000000
0.214700	1.000000
0.215989	1.000000
0.214700	1.000000
0.215989	1.000000
0.215989	1.000000
0.214700	1.000000
0.215989	1.000000
0.215989	1.000000
0.215989	1.000000
0.215989	1.000000
0.215989	1.000000
0.215989	1.000000
0.214700	1.000000
0.214700	1.000000
0.215989	1.000000
0.214700	1.000000
0.215989	1.000000
0.215989	1.000000
0.215989	1.000000
0.215989	1.000000
0.215989	1.000000
0.215989	1.000000
0.215989	1.000000
0.215989	1.000000
0.214700	1.000000
0.214700	1.000000
0.215989	1.000000
0.215989	1.000000
0.215989	1.000000
0.215989	1.000000
0.215989	1.000000
0.214700	1.000000
0.215989	1.000000
0.214700	1.000000
0.215989	1.000000
0.215989	1.000000
0.215989	1.000000
0.215989	1.000000
0.215989	1.000000
0.214700	1.000000
0.215989	1.000000
0.215989	1.000000
0.215989	1.000000
0.215989	1.000000
0.215989	1.000000
0.214700	1.000000
0.215989	1.000000
0.215989	1.000000
0.215989	1.000000
0.215989	1.000000
0.215989	1.000000
0.215989	1.000000
0.215989	1.000000
0.214700	1.000000
0.215989	1.000000
0.214700	1.000000
0.215989	1.000000
0.214700	1.000000
0.215989	1.000000
0.215989	1.000000
0.215989	1.000000
0.214700	1.000000
0.215989	1.000000
0.215989	1.000000
0.214700	1.000000
0.214700	1.000000
0.214700	1.000000
0.215989	1.000000
0.215989	1.000000
0.215989	1.000000
0.214700	1.000000
0.215989	1.000000
0.215989	1.000000
0.215989	1.000000
0.214700	1.000000
0.215989	1.000000
0.215989	1.000000
0.215989	1.000000
0.214700	1.000000
0.214700	1.000000
0.215989	1.000000
0.215989	1.000000
0.215989	1.000000
0.215989	1.000000
0.215989	1.000000
0.214700	1.000000
0.215989	1.000000
0.215989	1.000000
0.214700	1.000000
0.214700	1.000000
0.215989	1.000000
0.214700	0.000000
0.195368	0.000000
0.164436	0.000000
0.139948	0.000000
0.106438	0.000000
0.092261	0.000000
0.076795	0.000000
0.060040	0.000000
0.052307	0.000000
0.044574	0.000000
0.036841	0.000000
0.032974	0.000000
0.030397	0.000000
0.025241	0.000000
0.022664	0.000000
0.017508	0.000000
0.016220	0.000000
0.013642	0.000000
0.012353	0.000000
0.011064	0.000000
0.008487	0.000000
0.007198	0.000000
0.007198	0.000000
0.005909	0.000000
0.005909	0.000000
0.003331	0.000000
0.004620	0.000000
0.003331	0.000000
0.003331	0.000000
0.003331	0.000000
0.004620	0.000000
0.002042	0.000000
0.002042	0.000000
0.002042	0.000000
0.002042	0.000000
0.000753	0.000000
0.002042	0.000000
0.000753	0.000000
0.000753	0.000000
0.000753	0.000000
0.000753	0.000000
0.000753	0.000000
0.002042	0.000000
0.002042	0.000000
0.000753	0.000000
0.002042	0.000000
0.000753	0.000000
0.000753	0.000000
0.000753	0.000000
-0.000535	0.000000
0.000753	0.000000
0.000753	0.000000
0.000753	0.000000
0.000753	0.000000
0.000753	0.000000
-0.000535	0.000000
0.000753	0.000000
0.000753	0.000000
0.000753	0.000000
0.000753	0.000000
-0.000535	0.000000
0.000753	0.000000
0.000753	0.000000
0.000753	0.000000
0.000753	0.000000
0.000753	0.000000
0.000753	0.000000
0.000753	0.000000
0.000753	0.000000
-0.000535	0.000000
0.000753	0.000000
0.000753	0.000000
0.000753	0.000000
0.000753	0.000000
0.000753	0.000000
0.000753	0.000000
0.000753	0.000000
0.000753	0.000000
-0.000535	0.000000
0.000753	0.000000
0.000753	0.000000
0.000753	0.000000
0.000753	0.000000
0.000753	0.000000
0.000753	0.000000
-0.000535	0.000000
0.000753	0.000000
0.000753	0.000000
-0.000535	0.000000
0.000753	0.000000
0.000753	0.000000
-0.000535	0.000000
0.000753	0.000000
0.000753	0.000000
-0.000535	0.000000
0.000753	0.000000
0.000753	0.000000
-0.000535	0.000000
0.000753	0.000000
-0.000535	0.000000
0.000753	0.000000
0.000753	0.000000
-0.000535	0.000000
-0.000535	0.000000
0.000753	0.000000
-0.000535	0.000000
-0.000535	0.000000
0.000753	0.000000
-0.000535	0.000000
0.000753	0.000000
0.000753	0.000000
0.000753	0.000000
0.000753	0.000000
-0.000535	0.000000
-0.000535	0.000000
-0.000535	0.000000
-0.000535	0.000000
0.000753	0.000000
0.000753	0.000000
-0.000535	0.000000
0.002042	0.000000
-0.000535	0.000000
0.000753	0.000000
-0.000535	0.000000
-0.000535	0.000000
0.000753	0.000000
0.000753	0.000000
0.000753	0.000000
0.000753	0.000000
0.000753	0.000000
0.000753	0.000000
-0.000535	0.000000
0.000753	0.000000
0.000753	0.000000
0.000753	0.000000
-0.000535	0.000000
0.000753	0.000000
0.000753	0.000000
-0.000535	0.000000
-0.000535	0.000000
0.000753	0.000000
0.000753	0.000000
0.000753	0.000000
-0.000535	0.000000
-0.000535	0.000000
0.000753	0.000000
-0.000535	0.000000
-0.000535	0.000000
0.000753	0.000000
0.000753	0.000000
-0.000535	0.000000
0.000753	0.000000
0.000753	0.000000
-0.000535	0.000000
-0.000535	0.000000
0.000753	0.000000
0.000753	0.000000
0.000753	0.000000
-0.000535	0.000000
0.000753	0.000000
-0.000535	0.000000
-0.000535	0.000000
-0.000535	0.000000
-0.000535	0.000000
-0.000535	0.000000
0.000753	0.000000
0.000753	0.000000
-0.000535	0.000000
-0.000535	0.000000
-0.000535	0.000000
0.000753	0.000000
0.000753	0.000000
-0.000535	0.000000
0.000753	0.000000
-0.000535	0.000000
-0.000535	0.000000
0.000753	0.000000
-0.000535	0.000000
-0.000535	0.000000
-0.000535	0.000000
-0.000535	0.000000
0.000753	0.000000
-0.000535	0.000000
0.000753	0.000000
0.000753	0.000000
-0.000535	0.000000
0.000753	0.000000
0.000753	0.000000
-0.000535	0.000000
-0.000535	0.000000
-0.000535	0.000000
-0.000535	0.000000
0.000753	0.000000
-0.000535	0.000000
0.000753	0.000000
0.000753	0.000000
-0.000535	0.000000
-0.000535	0.000000
0.000753	0.000000
0.000753	0.000000
-0.000535	0.000000
-0.000535	0.000000
0.000753	0.000000
0.000753	0.000000
0.000753	0.000000
0.000753	0.000000
-0.000535	0.000000
0.000753	0.000000
-0.000535	0.000000
-0.000535	0.000000
-0.000535	0.000000
0.000753	0.000000
0.000753	0.000000
0.000753	0.000000
0.000753	0.000000
0.000753	0.000000
-0.000535	0.000000
-0.001824	0.000000
-0.000535	0.000000
0.000753	0.000000
0.000753	0.000000
-0.000535	0.000000
-0.000535	0.000000
-0.000535	0.000000
0.000753	0.000000
-0.000535	0.000000
0.000753	0.000000
-0.000535	0.000000
-0.000535	0.000000
0.000753	0.000000
0.000753	0.000000
0.000753	0.000000
-0.000535	0.000000
0.000753	0.000000
-0.000535	0.000000
-0.000535	0.000000
-0.000535	0.000000
0.000753	0.000000
-0.000535	0.000000
-0.000535	0.000000
0.000753	0.000000
-0.000535	0.000000
-0.000535	0.000000
-0.000535	0.000000
0.000753	0.000000
-0.000535	0.000000
-0.000535	0.000000
-0.000535	0.000000
-0.000535	0.000000
-0.000535	0.000000
-0.000535	0.000000
-0.000535	0.000000
0.000753	0.000000
0.000753	0.000000
0.000753	0.000000
0.000753	0.000000
-0.000535	0.000000
-0.000535	0.000000
-0.000535	0.000000
0.000753	0.000000
0.000753	0.000000
-0.000535	0.000000
0.000753	0.000000
0.000753	0.000000
-0.000535	0.000000
-0.000535	0.000000
0.000753	0.000000
-0.000535	0.000000
0.000753	0.000000
0.000753	0.000000
0.000753	0.000000
-0.000535	0.000000
-0.000535	0.000000
-0.000535	0.000000
-0.000535	0.000000
-0.000535	0.000000
0.000753	0.000000
-0.000535	0.000000
0.000753	0.000000
0.000753	0.000000
0.000753	0.000000
-0.001824	0.000000
0.002042	0.000000
-0.000535	0.000000
-0.000535	0.000000
0.000753	0.000000
0.000753	0.000000
0.000753	0.000000
-0.000535	0.000000
-0.000535	0.000000
-0.000535	0.000000
0.000753	0.000000
0.000753	0.000000
0.000753	0.000000
-0.000535	0.000000
-0.000535	0.000000
-0.000535	0.000000
-0.000535	0.000000
-0.000535	0.000000
-0.000535	0.000000
0.000753	0.000000
0.000753	0.000000
-0.000535	0.000000
-0.000535	0.000000
-0.000535	0.000000
-0.000535	0.000000
0.000753	0.000000
-0.000535	0.000000
-0.000535	0.000000
0.000753	0.000000
-0.000535	0.000000
-0.000535	0.000000
0.000753	0.000000
0.000753	0.000000
0.000753	0.000000
-0.000535	0.000000
0.000753	0.000000
-0.000535	0.000000
-0.000535	0.000000
0.000753	0.000000
-0.000535	0.000000
-0.000535	0.000000
-0.000535	0.000000
0.000753	0.000000
0.000753	0.000000
0.000753	0.000000
-0.000535	0.000000
0.000753	0.000000
-0.000535	0.000000
0.000753	0.000000
0.000753	0.000000
0.000753	0.000000
-0.000535	0.000000
0.000753	0.000000
0.000753	0.000000
-0.000535	0.000000
-0.000535	0.000000
0.000753	0.000000
-0.000535	0.000000
0.000753	0.000000
-0.000535	0.000000
-0.000535	0.000000
-0.000535	0.000000
-0.000535	0.000000
0.000753	0.000000
-0.000535	0.000000
-0.000535	0.000000
-0.000535	0.000000
-0.000535	0.000000
-0.000535	0.000000
0.000753	0.000000
0.000753	0.000000
-0.000535	0.000000
0.000753	0.000000
-0.000535	0.000000
-0.000535	0.000000
-0.000535	0.000000
0.000753	0.000000
-0.000535	0.000000
0.000753	0.000000
-0.000535	0.000000
0.000753	0.000000
-0.000535	0.000000
-0.000535	0.000000
0.000753	0.000000
0.000753	0.000000
0.000753	0.000000
-0.000535	0.000000
0.000753	0.000000
-0.000535	0.000000
0.000753	0.000000
-0.000535	0.000000
-0.000535	0.000000
0.000753	0.000000
-0.000535	0.000000
-0.000535	0.000000
-0.000535	0.000000
0.000753	0.000000
0.000753	0.000000
0.000753	0.000000
0.000753	0.000000
-0.000535	0.000000
0.000753	0.000000
-0.001824	0.000000
-0.000535	0.000000
-0.000535	0.000000
0.000753	0.000000
-0.000535	0.000000
0.000753	0.000000
-0.000535	0.000000
0.000753	0.000000
0.000753	0.000000
-0.000535	0.000000
0.000753	0.000000
-0.000535	0.000000
-0.000535	0.000000
-0.000535	0.000000
-0.000535	0.000000
0.000753	0.000000
-0.000535	0.000000
0.000753	0.000000
-0.000535	0.000000
-0.000535	0.000000
0.000753	0.000000
-0.000535	0.000000
0.000753	0.000000
-0.000535	0.000000
0.000753	0.000000
0.000753	0.000000
0.000753	0.000000
0.000753	0.000000
0.000753	0.000000
0.000753	0.000000
-0.000535	0.000000
0.000753	0.000000
-0.000535	0.000000
0.000753	0.000000
-0.000535	0.000000
0.000753	0.000000
0.000753	0.000000
0.000753	0.000000
-0.000535	0.000000
-0.000535	0.000000
-0.000535	0.000000
-0.000535	0.000000
-0.000535	0.000000
0.000753	0.000000
0.000753	0.000000
-0.000535	0.000000
0.000753	0.000000
-0.000535	0.000000
0.000753	0.000000
0.000753	0.000000
0.000753	0.000000
-0.000535	0.000000
-0.000535	0.000000
-0.000535	0.000000
-0.000535	0.000000
-0.000535	0.000000
-0.000535	0.000000
-0.000535	0.000000
0.000753	0.000000
-0.000535	0.000000
-0.000535	0.000000
-0.000535	0.000000
-0.001824	0.000000
0.000753	0.000000
-0.000535	0.000000
0.000753	0.000000
0.000753	0.000000
0.000753	0.000000
-0.000535	0.000000
0.000753	0.000000
-0.000535	0.000000
0.000753	0.000000
-0.000535	0.000000
-0.000535	0.000000
-0.000535	0.000000
-0.000535	0.000000
-0.000535	0.000000
0.000753	0.000000
0.000753	0.000000
0.000753	0.000000
-0.000535	0.000000
-0.000535	0.000000
0.000753	0.000000
0.000753	0.000000
-0.000535	0.000000
0.000753	0.000000
-0.000535	0.000000
0.000753	0.000000
-0.000535	0.000000
0.000753	0.000000
-0.000535	0.000000
0.000753	0.000000
-0.000535	0.000000
-0.000535	0.000000
0.000753	0.000000
-0.000535	0.000000
0.000753	0.000000
0.000753	0.000000
0.000753	0.000000
-0.000535	0.000000
-0.000535	0.000000
-0.000535	0.000000
-0.000535	0.000000
0.000753	0.000000
0.000753	0.000000
-0.000535	0.000000
-0.000535	0.000000
-0.000535	0.000000
0.000753	0.000000
0.000753	0.000000
0.000753	0.000000
-0.000535	0.000000
-0.000535	0.000000
0.000753	0.000000
0.000753	0.000000
0.000753	0.000000
0.000753	0.000000
-0.000535	1.000000
0.016220	1.000000
0.047152	1.000000
0.072928	1.000000
0.096127	1.000000
0.112882	1.000000
0.142525	1.000000
0.152836	1.000000
0.163147	1.000000
0.169591	1.000000
0.179902	1.000000
0.187635	1.000000
0.191501	1.000000
0.195368	1.000000
0.195368	1.000000
0.197945	1.000000
0.203101	1.000000
0.204389	1.000000
0.205678	1.000000
0.206967	1.000000
0.209545	1.000000
0.209545	1.000000
0.212122	1.000000
0.212122	1.000000
0.213411	1.000000
0.213411	1.000000
0.214700	1.000000
0.214700	1.000000
0.214700	1.000000
0.214700	1.000000
0.214700	1.000000
0.214700	1.000000
0.215989	1.000000
0.214700	1.000000
0.214700	1.000000
0.214700	1.000000
0.214700	1.000000
0.214700	1.000000
0.214700	1.000000
0.214700	1.000000
0.214700	1.000000
0.214700	1.000000
0.214700	1.000000
0.214700	1.000000
0.214700	1.000000
0.214700	1.000000
0.215989	1.000000
0.214700	1.000000
0.214700	1.000000
0.214700	1.000000
0.215989	1.000000
0.214700	1.000000
0.215989	1.000000
0.214700	1.000000
0.214700	1.000000
0.214700	1.000000
0.214700	1.000000
0.215989	1.000000
0.215989	1.000000
0.215989	1.000000
0.214700	1.000000
0.214700	1.000000
0.214700	1.000000
0.215989	1.000000
0.214700	1.000000
0.214700	1.000000
0.214700	1.000000
0.214700	1.000000
0.214700	1.000000
0.215989	1.000000
0.214700	1.000000
0.215989	1.000000
0.215989	1.000000
0.215989	1.000000
0.214700	1.000000
0.214700	1.000000
0.214700	1.000000
0.215989	1.000000
0.214700	1.000000
0.215989	1.000000
0.214700	1.000000
0.215989	1.000000
0.215989	1.000000
0.214700	1.000000
0.215989	1.000000
0.214700	1.000000
0.215989	1.000000
0.213411	1.000000
0.214700	1.000000
0.214700	1.000000
0.214700	1.000000
0.214700	1.000000
0.214700	1.000000
0.214700	1.000000
0.214700	1.000000
0.215989	1.000000
0.215989	1.000000
0.214700	1.000000
0.214700	1.000000
0.214700	1.000000
0.215989	1.000000
0.214700	1.000000
0.215989	1.000000
0.215989	1.000000
0.214700	1.000000
0.214700	1.000000
0.214700	1.000000
0.215989	1.000000
0.215989	1.000000
0.215989	1.000000
0.215989	1.000000
0.215989	1.000000
0.215989	1.000000
0.214700	1.000000
0.215989	1.000000
0.215989	1.000000
0.215989	1.000000
0.214700	1.000000
0.215989	1.000000
0.215989	1.000000
0.215989	1.000000
0.214700	1.000000
0.214700	1.000000
0.214700	1.000000
0.214700	1.000000
0.214700	1.000000
0.215989	1.000000
0.215989	1.000000
0.215989	1.000000
0.215989	1.000000
0.215989	1.000000
0.214700	1.000000
0.214700	1.000000
0.215989	1.000000
0.215989	1.000000
0.215989	1.000000
0.215989	1.000000
0.214700	1.000000
0.214700	1.000000
0.215989	1.000000
0.215989	1.000000
0.215989	1.000000
0.215989	1.000000
0.214700	1.000000
0.215989	1.000000
0.215989	1.000000
0.215989	1.000000
0.215989	1.000000
0.215989	1.000000
0.214700	1.000000
0.215989	1.000000
0.214700	1.000000
0.215989	1.000000
0.215989	1.000000
0.215989	1.000000
0.214700	1.000000
0.215989	1.000000
0.215989	1.000000
0.214700	1.000000
0.215989	1.000000
0.215989	1.000000
0.215989	1.000000
0.215989	1.000000
0.215989	1.000000
0.215989	1.000000
0.215989	1.000000
0.215989	1.000000
0.215989	1.000000
0.215989	1.000000
0.215989	1.000000
0.215989	1.000000
0.215989	1.000000
0.214700	1.000000
0.217278	1.000000
0.215989	1.000000
0.215989	1.000000
0.215989	1.000000
0.215989	1.000000
0.215989	1.000000
0.215989	1.000000
0.215989	1.000000
0.215989	1.000000
0.215989	1.000000
0.215989	1.000000
0.214700	1.000000
0.214700	1.000000
0.215989	1.000000
0.215989	1.000000
0.215989	1.000000
0.217278	1.000000
0.215989	1.000000
0.215989	1.000000
0.214700	1.000000
0.215989	1.000000
0.215989	1.000000
0.215989	1.000000
0.214700	1.000000
0.214700	1.000000
0.214700	1.000000
0.214700	1.000000
0.215989	1.000000
0.214700	1.000000
0.214700	1.000000
0.215989	1.000000
0.215989	1.000000
0.214700	1.000000
0.215989	1.000000
0.215989	1.000000
0.215989	1.000000
0.215989	1.000000
0.215989	1.000000
0.214700	1.000000
0.215989	1.000000
0.215989	1.000000
0.215989	1.000000
0.215989	1.000000
0.214700	1.000000
0.215989	1.000000
0.214700	1.000000
0.215989	1.000000
0.215989	1.000000
0.214700	1.000000
0.214700	1.000000
0.215989	1.000000
0.214700	1.000000
0.215989	1.000000
0.215989	1.000000
0.214700	1.000000
0.215989	1.000000
0.215989	1.000000
0.215989	1.000000
0.215989	1.000000
0.215989	1.000000
0.215989	1.000000
0.215989	1.000000
0.214700	1.000000
0.214700	1.000000
0.215989	1.000000
0.214700	1.000000
0.215989	1.000000
0.214700	1.000000
0.215989	1.000000
0.215989	1.000000
0.215989	1.000000
0.215989	1.000000
0.215989	1.000000
0.215989	1.000000
0.214700	1.000000
0.215989	1.000000
0.215989	1.000000
0.215989	1.000000
0.214700	1.000000
0.214700	1.000000
0.214700	1.000000
0.215989	1.000000
0.214700	1.000000
0.215989	1.000000
0.215989	1.000000
0.214700	1.000000
0.215989	1.000000
0.214700	1.000000
0.215989	1.000000
0.215989	1.000000
0.215989	1.000000
0.214700	1.000000
0.215989	1.000000
0.214700	1.000000
0.215989	1.000000
0.215989	1.000000
0.214700	1.000000
0.215989	1.000000
0.214700	1.000000
0.215989	1.000000
0.215989	1.000000
0.215989	1.000000
0.215989	1.000000
0.214700	1.000000
0.215989	1.000000
0.215989	1.000000
0.215989	1.000000
0.214700	1.000000
0.215989	1.000000
0.215989	1.000000
0.215989	1.000000
0.215989	1.000000
0.215989	1.000000
0.214700	1.000000
0.214700	1.000000
0.214700	1.000000
0.215989	1.000000
0.214700	1.000000
0.214700	1.000000
0.215989	1.000000
0.215989	1.000000
0.215989	1.000000
0.215989	1.000000
0.215989	1.000000
0.214700	1.000000
0.214700	1.000000
0.215989	1.000000
0.215989	1.000000
0.215989	1.000000
0.214700	1.000000
0.215989	1.000000
0.214700	1.000000
0.215989	1.000000
0.215989	1.000000
0.215989	1.000000
0.215989	1.000000
0.215989	1.000000
0.215989	1.000000
0.215989	1.000000
0.215989	1.000000
0.215989	1.000000
0.215989	1.000000
0.214700	1.000000
0.215989	1.000000
0.215989	1.000000
0.215989	1.000000
0.215989	1.000000
0.214700	1.000000
0.214700	1.000000
0.215989	1.000000
0.215989	1.000000
0.215989	1.000000
0.215989	1.000000
0.214700	1.000000
0.215989	1.000000
0.215989	1.000000
0.215989	1.000000
0.217278	1.000000
0.214700	1.000000
0.214700	1.000000
0.215989	1.000000
0.215989	1.000000
0.215989	1.000000
0.215989	1.000000
0.215989	1.000000
0.214700	1.000000
0.215989	1.000000
0.215989	1.000000
0.215989	1.000000
0.214700	1.000000
0.215989	1.000000
0.214700	1.000000
0.215989	1.000000
0.217278	1.000000
0.215989	1.000000
0.214700	1.000000
0.215989	1.000000
0.215989	1.000000
0.214700	1.000000
0.215989	1.000000
0.215989	1.000000
0.215989	1.000000
0.214700	1.000000
0.215989	1.000000
0.215989	1.000000
0.215989	1.000000
0.215989	1.000000
0.214700	1.000000
0.214700	1.000000
0.215989	1.000000
0.214700	1.000000
0.215989	1.000000
0.215989	1.000000
0.214700	1.000000
0.215989	1.000000
0.214700	1.000000
0.217278	1.000000
0.215989	1.000000
0.214700	1.000000
0.215989	1.000000
0.214700	1.000000
0.215989	1.000000
0.215989	1.000000
0.215989	1.000000
0.214700	1.000000
0.214700	1.000000
0.215989	1.000000
0.215989	1.000000
0.215989	1.000000
0.215989	1.000000
0.215989	1.000000
0.215989	1.000000
0.215989	1.000000
0.215989	1.000000
0.215989	1.000000
0.215989	1.000000
0.215989	1.000000
0.214700	1.000000
0.214700	1.000000
0.215989	1.000000
0.215989	1.000000
0.215989	1.000000
0.214700	1.000000
0.215989	1.000000
0.215989	1.000000
0.215989	1.000000
0.214700	1.000000
0.215989	1.000000
0.215989	1.000000
0.215989	1.000000
0.215989	1.000000
0.215989	1.000000
0.215989	1.000000
0.215989	1.000000
0.214700	1.000000
0.214700	1.000000
0.215989	1.000000
0.214700	1.000000
0.215989	1.000000
0.215989	1.000000
0.215989	1.000000
0.215989	1.000000
0.214700	1.000000
0.215989	1.000000
0.214700	1.000000
0.214700	1.000000
0.215989	1.000000
0.215989	1.000000
0.214700	1.000000
0.215989	1.000000
0.215989	1.000000
0.215989	1.000000
0.214700	1.000000
0.215989	1.000000
0.215989	1.000000
0.217278	1.000000
0.215989	1.000000
0.215989	1.000000
0.215989	1.000000
0.214700	1.000000
0.215989	1.000000
0.215989	1.000000
0.215989	1.000000
0.215989	1.000000
0.215989	1.000000
0.215989	1.000000
0.215989	1.000000
0.214700	1.000000
0.215989	1.000000
0.215989	1.000000
0.215989	1.000000
0.214700	1.000000
0.214700	1.000000
0.215989	1.000000
0.215989	1.000000
0.214700	1.000000
0.215989	1.000000
0.214700	1.000000
0.217278	1.000000
0.214700	1.000000
0.214700	1.000000
0.215989	1.000000
0.215989	1.000000
0.214700	1.000000
0.215989	1.000000
0.214700	1.000000
0.215989	1.000000
0.215989	1.000000
0.215989	1.000000
0.214700	1.000000
0.215989	1.000000
0.215989	1.000000
0.215989	1.000000
0.215989	1.000000
0.214700	1.000000
0.214700	1.000000
0.215989	1.000000
0.215989	1.000000
0.215989	1.000000
0.214700	1.000000
0.217278	1.000000
0.215989	1.000000
0.214700	1.000000
0.214700	1.000000
0.214700	1.000000
0.215989	1.000000
0.215989	1.000000
0.215989	1.000000
0.215989	1.000000
0.214700	1.000000
0.214700	1.000000
0.215989	1.000000
0.215989	1.000000
0.215989	1.000000
0.215989	1.000000
0.215989	1.000000
0.214700	1.000000
0.217278	1.000000
0.215989	1.000000
0.215989	1.000000
0.215989	1.000000
0.215989	1.000000
0.214700	1.000000
0.215989	1.000000
0.215989	1.000000
0.215989	1.000000
0.214700	1.000000
0.217278	0.000000
0.197945	0.000000
0.165724	0.000000
0.139948	0.000000
0.097416	0.000000
0.084528	0.000000
0.070351	0.000000
0.056173	0.000000
0.052307	0.000000
0.040707	0.000000
0.036841	0.000000
0.032974	0.000000
0.027819	0.000000
0.023953	0.000000
0.020086	0.000000
0.017508	0.000000
0.014931	0.000000
0.013642	0.000000
0.011064	0.000000
0.009775	0.000000
0.008487	0.000000
0.007198	0.000000
0.005909	0.000000
0.005909	0.000000
0.005909	0.000000
0.004620	0.000000
0.003331	0.000000
0.003331	0.000000
0.003331	0.000000
0.003331	0.000000
0.002042	0.000000
0.002042	0.000000
0.002042	0.000000
0.002042	0.000000
0.002042	0.000000
0.000753	0.000000
0.002042	0.000000
0.000753	0.000000
0.000753	0.000000
0.002042	0.000000
0.002042	0.000000
0.000753	0.000000
0.000753	0.000000
0.000753	0.000000
0.000753	0.000000
0.000753	0.000000
0.000753	0.000000
0.002042	0.000000
0.000753	0.000000
0.000753	0.000000
0.000753	0.000000
0.000753	0.000000
-0.000535	0.000000
0.000753	0.000000
-0.000535	0.000000
-0.000535	0.000000
-0.000535	0.000000
0.000753	0.000000
-0.000535	0.000000
0.000753	0.000000
-0.000535	0.000000
0.000753	0.000000
0.000753	0.000000
0.000753	0.000000
0.000753	0.000000
0.000753	0.000000
-0.000535	0.000000
0.000753	0.000000
0.000753	0.000000
0.000753	0.000000
0.000753	0.000000
0.000753	0.000000
0.000753	0.000000
-0.000535	0.000000
0.000753	0.000000
0.000753	0.000000
0.000753	0.000000
0.000753	0.000000
-0.000535	0.000000
-0.000535	0.000000
0.000753	0.000000
0.000753	0.000000
0.000753	0.000000
0.000753	0.000000
0.000753	0.000000
-0.000535	0.000000
-0.000535	0.000000
0.000753	0.000000
0.000753	0.000000
0.000753	0.000000
0.000753	0.000000
0.000753	0.000000
-0.000535	0.000000
0.000753	0.000000
0.000753	0.000000
0.000753	0.000000
-0.000535	0.000000
0.000753	0.000000
0.000753	0.000000
0.000753	0.000000
-0.000535	0.000000
-0.000535	0.000000
0.000753	0.000000
0.000753	0.000000
-0.000535	0.000000
-0.000535	0.000000
0.000753	0.000000
0.000753	0.000000
0.000753	0.000000
0.000753	0.000000
0.000753	0.000000
-0.000535	0.000000
0.000753	0.000000
0.000753	0.000000
-0.000535	0.000000
0.000753	0.000000
0.000753	0.000000
-0.000535	0.000000
0.000753	0.000000
-0.000535	0.000000
0.000753	0.000000
0.000753	0.000000
0.000753	0.000000
0.002042	0.000000
-0.000535	0.000000
0.000753	0.000000
-0.000535	0.000000
0.000753	0.000000
-0.000535	0.000000
0.000753	0.000000
0.000753	0.000000
0.000753	0.000000
-0.000535	0.000000
-0.000535	0.000000
0.000753	0.000000
0.000753	0.000000
0.000753	0.000000
-0.000535	0.000000
0.000753	0.000000
0.000753	0.000000
-0.000535	0.000000
-0.000535	0.000000
-0.000535	0.000000
0.000753	0.000000
-0.000535	0.000000
-0.000535	0.000000
-0.000535	0.000000
0.000753	0.000000
0.000753	0.000000
-0.000535	0.000000
0.000753	0.000000
0.000753	0.000000
0.000753	0.000000
0.000753	0.000000
0.000753	0.000000
-0.000535	0.000000
0.000753	0.000000
0.000753	0.000000
-0.000535	0.000000
0.000753	0.000000
-0.000535	0.000000
0.000753	0.000000
-0.000535	0.000000
0.000753	0.000000
0.000753	0.000000
-0.000535	0.000000
0.000753	0.000000
0.000753	0.000000
-0.000535	0.000000
0.000753	0.000000
0.000753	0.000000
-0.000535	0.000000
0.000753	0.000000
0.000753	0.000000
-0.000535	0.000000
-0.000535	0.000000
-0.001824	0.000000
0.000753	0.000000
-0.000535	0.000000
-0.000535	0.000000
-0.000535	0.000000
-0.000535	0.000000
0.000753	0.000000
0.000753	0.000000
-0.000535	0.000000
-0.000535	0.000000
0.000753	0.000000
0.000753	0.000000
-0.000535	0.000000
0.000753	0.000000
-0.000535	0.000000
0.000753	0.000000
0.000753	0.000000
-0.000535	0.000000
-0.000535	0.000000
-0.000535	0.000000
-0.000535	0.000000
-0.000535	0.000000
-0.000535	0.000000
-0.000535	0.000000
-0.000535	0.000000
-0.000535	0.000000
-0.000535	0.000000
0.000753	0.000000
-0.000535	0.000000
0.000753	0.000000
0.000753	0.000000
-0.000535	0.000000
-0.000535	0.000000
0.000753	0.000000
-0.000535	0.000000
0.000753	0.000000
0.000753	0.000000
0.000753	0.000000
-0.000535	0.000000
0.000753	0.000000
-0.000535	0.000000
-0.000535	0.000000
-0.000535	0.000000
-0.000535	0.000000
-0.000535	0.000000
0.000753	0.000000
-0.000535	0.000000
0.000753	0.000000
-0.000535	0.000000
-0.000535	0.000000
-0.000535	0.000000
-0.000535	0.000000
0.000753	0.000000
0.000753	0.000000
0.000753	0.000000
-0.000535	0.000000
-0.000535	0.000000
-0.000535	0.000000
0.002042	0.000000
-0.000535	0.000000
-0.000535	0.000000
-0.000535	0.000000
0.002042	0.000000
0.000753	0.000000
0.000753	0.000000
-0.000535	0.000000
-0.000535	0.000000
0.000753	0.000000
0.000753	0.000000
-0.000535	0.000000
0.002042	0.000000
-0.000535	0.000000
0.000753	0.000000
-0.000535	0.000000
-0.000535	0.000000
-0.000535	0.000000
0.000753	0.000000
0.000753	0.000000
-0.000535	0.000000
-0.000535	0.000000
-0.000535	0.000000
-0.000535	0.000000
-0.000535	0.000000
0.000753	0.000000
0.000753	0.000000
0.000753	0.000000
-0.000535	0.000000
0.000753	0.000000
-0.000535	0.000000
0.000753	0.000000
0.000753	0.000000
-0.000535	0.000000
0.000753	0.000000
0.000753	0.000000
-0.000535	0.000000
0.000753	0.000000
-0.000535	0.000000
-0.000535	0.000000
-0.000535	0.000000
0.000753	0.000000
0.000753	0.000000
0.000753	0.000000
0.000753	0.000000
0.000753	0.000000
-0.000535	0.000000
0.000753	0.000000
0.000753	0.000000
0.000753	0.000000
-0.000535	0.000000
0.000753	0.000000
0.000753	0.000000
0.000753	0.000000
-0.000535	0.000000
-0.000535	0.000000
0.000753	0.000000
0.000753	0.000000
0.000753	0.000000
-0.000535	0.000000
0.002042	0.000000
0.000753	0.000000
0.000753	0.000000
-0.000535	0.000000
-0.000535	0.000000
0.000753	0.000000
0.000753	0.000000
0.000753	0.000000
-0.000535	0.000000
-0.000535	0.000000
-0.000535	0.000000
-0.000535	0.000000
-0.000535	0.000000
0.000753	0.000000
0.000753	0.000000
0.000753	0.000000
0.000753	0.000000
0.000753	0.000000
-0.000535	0.000000
-0.000535	0.000000
0.000753	0.000000
0.000753	0.000000
0.002042	0.000000
-0.000535	0.000000
0.000753	0.000000
-0.000535	0.000000
-0.001824	0.000000
0.000753	0.000000
-0.000535	0.000000
-0.000535	0.000000
-0.000535	0.000000
-0.000535	0.000000
-0.000535	0.000000
-0.000535	0.000000
0.000753	0.000000
0.000753	0.000000
-0.000535	0.000000
-0.000535	0.000000
0.000753	0.000000
-0.000535	0.000000
-0.000535	0.000000
0.000753	0.000000
-0.000535	0.000000
-0.000535	0.000000
-0.000535	0.000000
-0.000535	0.000000
0.000753	0.000000
-0.000535	0.000000
0.000753	0.000000
-0.000535	0.000000
0.000753	0.000000
-0.000535	0.000000
-0.000535	0.000000
0.000753	0.000000
0.000753	0.000000
-0.000535	0.000000
0.000753	0.000000
0.000753	0.000000
0.000753	0.000000
-0.000535	0.000000
0.000753	0.000000
-0.000535	0.000000
0.000753	0.000000
-0.000535	0.000000
-0.000535	0.000000
-0.000535	0.000000
-0.000535	0.000000
-0.000535	0.000000
0.000753	0.000000
-0.000535	0.000000
-0.000535	0.000000
0.000753	0.000000
0.000753	0.000000
-0.001824	0.000000
-0.000535	0.000000
-0.000535	0.000000
0.000753	0.000000
-0.000535	0.000000
-0.000535	0.000000
0.000753	0.000000
-0.000535	0.000000
0.000753	0.000000
0.000753	0.000000
-0.000535	0.000000
-0.000535	0.000000
-0.000535	0.000000
-0.000535	0.000000
-0.000535	0.000000
-0.000535	0.000000
0.000753	0.000000
-0.000535	0.000000
0.000753	0.000000
-0.000535	0.000000
-0.000535	0.000000
0.000753	0.000000
0.000753	0.000000
0.000753	0.000000
-0.000535	0.000000
0.000753	0.000000
0.000753	0.000000
0.000753	0.000000
0.000753	0.000000
0.000753	0.000000
0.000753	0.000000
0.000753	0.000000
0.000753	0.000000
-0.000535	0.000000
-0.000535	0.000000
-0.000535	0.000000
0.000753	0.000000
-0.000535	0.000000
-0.000535	0.000000
-0.000535	0.000000
-0.000535	0.000000
-0.000535	0.000000
0.000753	0.000000
-0.000535	0.000000
0.000753	0.000000
0.000753	0.000000
0.000753	0.000000
0.000753	0.000000
0.000753	0.000000
-0.000535	0.000000
-0.000535	0.000000
-0.000535	0.000000
0.000753	0.000000
-0.000535	0.000000
-0.000535	0.000000
0.000753	0.000000
0.000753	0.000000
-0.000535	0.000000
0.000753	0.000000
-0.000535	0.000000
-0.000535	0.000000
0.000753	0.000000
0.000753	0.000000
0.000753	0.000000
-0.000535	0.000000
0.000753	0.000000
-0.000535	0.000000
-0.000535	0.000000
-0.000535	0.000000
0.000753	0.000000
-0.000535	0.000000
-0.000535	0.000000
-0.000535	0.000000
0.000753	0.000000
0.000753	0.000000
-0.000535	0.000000
-0.000535	0.000000
-0.000535	0.000000
0.000753	0.000000
-0.000535	0.000000
-0.000535	0.000000
0.000753	0.000000
-0.000535	0.000000
0.000753	0.000000
-0.000535	0.000000
0.000753	0.000000
-0.000535	0.000000
-0.000535	0.000000
0.000753	0.000000
0.000753	0.000000
-0.000535	0.000000
-0.000535	0.000000
-0.000535	0.000000
0.000753	0.000000
-0.000535	0.000000
-0.000535	0.000000
-0.000535	0.000000
0.000753	0.000000
-0.001824	0.000000
0.000753	0.000000
-0.000535	0.000000
-0.000535	0.000000
-0.000535	0.000000
-0.000535	0.000000
-0.000535	0.000000
0.000753	0.000000
0.000753	0.000000
0.000753	0.000000
-0.000535	0.000000
-0.000535	0.000000
-0.000535	0.000000
0.000753	0.000000
0.000753	0.000000
-0.000535	0.000000
0.000753	0.000000
-0.000535	0.000000
0.000753	0.000000
-0.000535	0.000000
-0.000535	0.000000
0.000753	0.000000
0.000753	0.000000
-0.001824	0.000000
-0.000535	0.000000
-0.000535	0.000000
-0.000535	0.000000
0.000753	0.000000
0.000753	0.000000
-0.000535	0.000000
0.000753	0.000000
-0.000535	0.000000
-0.000535	0.000000
0.000753	0.000000
0.000753	0.000000
0.000753	1.000000
0.032974	1.000000
0.067773	1.000000
0.093550	1.000000
0.123193	1.000000
0.136081	1.000000
0.143814	1.000000
0.168302	1.000000
0.173457	1.000000
0.177324	1.000000
0.185057	1.000000
0.190212	1.000000
0.194079	1.000000
0.200523	1.000000
0.203101	1.000000
0.208256	1.000000
0.209545	1.000000
0.210834	1.000000
0.210834	1.000000
0.212122	1.000000
0.212122	1.000000
0.213411	1.000000
0.212122	1.000000
0.213411	1.000000
0.213411	1.000000
0.214700	1.000000
0.214700	1.000000
0.214700	1.000000
0.214700	1.000000
0.214700	1.000000
0.214700	1.000000
0.214700	1.000000
0.213411	1.000000
0.214700	1.000000
0.214700	1.000000
0.215989	1.000000
0.214700	1.000000
0.214700	1.000000
0.215989	1.000000
0.214700	1.000000
0.214700	1.000000
0.213411	1.000000
0.215989	1.000000
0.214700	1.000000
0.215989	1.000000
0.213411	1.000000
0.214700	1.000000
0.215989	1.000000
0.214700	1.000000
0.214700	1.000000
0.214700	1.000000
0.214700	1.000000
0.215989	1.000000
0.214700	1.000000
0.214700	1.000000
0.215989	1.000000
0.214700	1.000000
0.214700	1.000000
0.214700	1.000000
0.214700	1.000000
0.214700	1.000000
0.215989	1.000000
0.215989	1.000000
0.214700	1.000000
0.214700	1.000000
0.215989	1.000000
0.214700	1.000000
0.215989	1.000000
0.215989	1.000000
0.215989	1.000000
0.214700	1.000000
0.215989	1.000000
0.214700	1.000000
0.215989	1.000000
0.214700	1.000000
0.214700	1.000000
0.215989	1.000000
0.215989	1.000000
0.215989	1.000000
0.215989	1.000000
0.214700	1.000000
0.214700	1.000000
0.214700	1.000000
0.214700	1.000000
0.214700	1.000000
0.214700	1.000000
0.215989	1.000000
0.214700	1.000000
0.214700	1.000000
0.215989	1.000000
0.215989	1.000000
0.214700	1.000000
0.214700	1.000000
0.215989	1.000000
0.214700	1.000000
0.215989	1.000000
0.214700	1.000000
0.214700	1.000000
0.214700	1.000000
0.215989	1.000000
0.214700	1.000000
0.215989	1.000000
0.214700	1.000000
0.214700	1.000000
0.214700	1.000000
0.214700	1.000000
0.214700	1.000000
0.215989	1.000000
0.215989	1.000000
0.215989	1.000000
0.215989	1.000000
0.214700	1.000000
0.215989	1.000000
0.214700	1.000000
0.215989	1.000000
0.215989	1.000000
0.215989	1.000000
0.214700	1.000000
0.217278	1.000000
0.214700	1.000000
0.215989	1.000000
0.214700	1.000000
0.215989	1.000000
0.214700	1.000000
0.214700	1.000000
0.215989	1.000000
0.215989	1.000000
0.215989	1.000000
0.214700	1.000000
0.215989	1.000000
0.215989	1.000000
0.215989	1.000000
0.215989	1.000000
0.214700	1.000000
0.214700	1.000000
0.215989	1.000000
0.215989	1.000000
0.215989	1.000000
0.215989	1.000000
0.215989	1.000000
0.215989	1.000000
0.215989	1.000000
0.214700	1.000000
0.215989	1.000000
0.215989	1.000000
0.214700	1.000000
0.215989	1.000000
0.214700	1.000000
0.215989	1.000000
0.215989	1.000000
0.215989	1.000000
0.215989	1.000000
0.215989	1.000000
0.214700	1.000000
0.215989	1.000000
0.215989	1.000000
0.214700	1.000000
0.215989	1.000000
0.214700	1.000000
0.215989	1.000000
0.215989	1.000000
0.215989	1.000000
0.215989	1.000000
0.215989	1.000000
0.215989	1.000000
0.215989	1.000000
0.214700	1.000000
0.215989	1.000000
0.215989	1.000000
0.214700	1.000000
0.215989	1.000000
0.214700	1.000000
0.215989	1.000000
0.215989	1.000000
0.215989	1.000000
0.215989	1.000000
0.214700	1.000000
0.215989	1.000000
0.215989	1.000000
0.215989	1.000000
0.214700	1.000000
0.214700	1.000000
0.215989	1.000000
0.214700	1.000000
0.215989	1.000000
0.215989	1.000000
0.215989	1.000000
0.214700	1.000000
0.214700	1.000000
0.214700	1.000000
0.214700	1.000000
0.215989	1.000000
0.214700	1.000000
0.215989	1.000000
0.215989	1.000000
0.215989	1.000000
0.215989	1.000000
0.215989	1.000000
0.215989	1.000000
0.215989	1.000000
0.215989	1.000000
0.214700	1.000000
0.215989	1.000000
0.215989	1.000000
0.214700	1.000000
0.215989	1.000000
0.214700	1.000000
0.215989	1.000000
0.215989	1.000000
0.214700	1.000000
0.215989	1.000000
0.215989	1.000000
0.215989	1.000000
0.215989	1.000000
0.214700	1.000000
0.215989	1.000000
0.215989	1.000000
0.215989	1.000000
0.215989	1.000000
0.214700	1.000000
0.215989	1.000000
0.215989	1.000000
0.215989	1.000000
0.215989	1.000000
0.214700	1.000000
0.215989	1.000000
0.215989	1.000000
0.214700	1.000000
0.215989	1.000000
0.215989	1.000000
0.215989	1.000000
0.214700	1.000000
0.215989	1.000000
0.215989	1.000000
0.215989	1.000000
0.215989	1.000000
0.215989	1.000000
0.214700	1.000000
0.214700	1.000000
0.215989	1.000000
0.215989	1.000000
0.215989	1.000000
0.214700	1.000000
0.215989	1.000000
0.215989	1.000000
0.215989	1.000000
0.215989	1.000000
0.215989	1.000000
0.214700	1.000000
0.214700	1.000000
0.215989	1.000000
0.215989	1.000000
0.215989	1.000000
0.214700	1.000000
0.215989	1.000000
0.214700	1.000000
0.215989	1.000000
0.215989	1.000000
0.215989	1.000000
0.215989	1.000000
0.215989	1.000000
0.214700	1.000000
0.214700	1.000000
0.215989	1.000000
0.215989	1.000000
0.215989	1.000000
0.215989	1.000000
0.215989	1.000000
0.215989	1.000000
0.215989	1.000000
0.215989	1.000000
0.215989	1.000000
0.215989	1.000000
0.215989	1.000000
0.215989	1.000000
0.215989	1.000000
0.214700	1.000000
0.215989	1.000000
0.215989	1.000000
0.215989	1.000000
0.215989	1.000000
0.215989	1.000000
0.215989	1.000000
0.215989	1.000000
0.214700	1.000000
0.215989	1.000000
0.215989	1.000000
0.214700	1.000000
0.214700	1.000000
0.215989	1.000000
0.215989	1.000000
0.215989	1.000000
0.214700	1.000000
0.214700	1.000000
0.215989	1.000000
0.214700	1.000000
0.215989	1.000000
0.214700	1.000000
0.215989	1.000000
0.215989	1.000000
0.215989	1.000000
0.215989	1.000000
0.214700	1.000000
0.214700	1.000000
0.214700	1.000000
0.215989	1.000000
0.214700	1.000000
0.215989	1.000000
0.215989	1.000000
0.215989	1.000000
0.215989	1.000000
0.215989	1.000000
0.215989	1.000000
0.214700	1.000000
0.215989	1.000000
0.215989	1.000000
0.215989	1.000000
0.215989	1.000000
0.214700	1.000000
0.214700	1.000000
0.214700	1.000000
0.215989	1.000000
0.215989	1.000000
0.214700	1.000000
0.215989	1.000000
0.215989	1.000000
0.214700	1.000000
0.214700	1.000000
0.215989	1.000000
0.214700	1.000000
0.215989	1.000000
0.215989	1.000000
0.214700	1.000000
0.214700	1.000000
0.215989	1.000000
0.215989	1.000000
0.215989	1.000000
0.214700	1.000000
0.214700	1.000000
0.215989	1.000000
0.214700	1.000000
0.214700	1.000000
0.215989	1.000000
0.215989	1.000000
0.215989	1.000000
0.215989	1.000000
0.215989	1.000000
0.214700	1.000000
0.215989	1.000000
0.215989	1.000000
0.214700	1.000000
0.215989	1.000000
0.215989	1.000000
0.214700	1.000000
0.215989	1.000000
0.215989	1.000000
0.215989	1.000000
0.215989	1.000000
0.215989	1.000000
0.215989	1.000000
0.215989	1.000000
0.214700	1.000000
0.215989	1.000000
0.215989	1.000000
0.215989	1.000000
0.215989	1.000000
0.215989	1.000000
0.215989	1.000000
0.214700	1.000000
0.214700	1.000000
0.214700	1.000000
0.215989	1.000000
0.215989	1.000000
0.214700	1.000000
0.215989	1.000000
0.214700	1.000000
0.215989	1.000000
0.214700	1.000000
0.215989	1.000000
0.215989	1.000000
0.214700	1.000000
0.215989	1.000000
0.215989	1.000000
0.215989	1.000000
0.214700	1.000000
0.215989	1.000000
0.214700	1.000000
0.215989	1.000000
0.215989	1.000000
0.215989	1.000000
0.214700	1.000000
0.215989	1.000000
0.214700	1.000000
0.215989	1.000000
0.215989	1.000000
0.215989	1.000000
0.215989	1.000000
0.215989	1.000000
0.215989	1.000000
0.215989	1.000000
0.215989	1.000000
0.215989	1.000000
0.215989	1.000000
0.214700	1.000000
0.214700	1.000000
0.214700	1.000000
0.215989	1.000000
0.215989	1.000000
0.215989	1.000000
0.215989	1.000000
0.214700	1.000000
0.217278	1.000000
0.215989	1.000000
0.215989	1.000000
0.214700	1.000000
0.215989	1.000000
0.215989	1.000000
0.215989	1.000000
0.217278	1.000000
0.215989	1.000000
0.214700	1.000000
0.214700	1.000000
0.215989	1.000000
0.214700	1.000000
0.214700	1.000000
0.215989	1.000000
0.215989	1.000000
0.215989	1.000000
0.214700	1.000000
0.215989	1.000000
0.214700	1.000000
0.215989	1.000000
0.215989	1.000000
0.215989	1.000000
0.215989	1.000000
0.215989	1.000000
0.214700	1.000000
0.214700	1.000000
0.215989	1.000000
0.215989	1.000000
0.215989	1.000000
0.215989	1.000000
0.215989	1.000000
0.215989	1.000000
0.214700	1.000000
0.215989	1.000000
0.215989	1.000000
0.215989	1.000000
0.215989	1.000000
0.214700	1.000000
0.215989	1.000000
0.215989	1.000000
0.214700	1.000000
0.214700	1.000000
0.215989	1.000000
0.214700	1.000000
0.215989	1.000000
0.215989	1.000000
0.214700	1.000000
0.214700	1.000000
0.215989	1.000000
0.215989	1.000000
0.215989	1.000000
0.215989	1.000000
0.214700	1.000000
0.215989	1.000000
0.215989	1.000000
0.215989	1.000000
0.214700	1.000000
0.215989	1.000000
0.215989	1.000000
0.215989	1.000000
0.215989	1.000000
0.215989	1.000000
0.214700	1.000000
0.215989	1.000000
0.214700	1.000000
0.215989	1.000000
0.215989	1.000000
0.215989	1.000000
0.215989	1.000000
0.215989	1.000000
0.214700	1.000000
0.215989	1.000000
0.213411	1.000000
0.217278	1.000000
0.215989	1.000000
0.215989	1.000000
0.214700	1.000000
0.215989	1.000000
0.215989	1.000000
0.215989	1.000000
0.215989	1.000000
0.215989	1.000000
0.215989	1.000000
0.215989	1.000000
0.214700	1.000000
0.215989	1.000000
0.215989	1.000000
0.214700	1.000000
0.215989	0.000000
0.196656	0.000000
0.165724	0.000000
0.128348	0.000000
0.099994	0.000000
0.092261	0.000000
0.078084	0.000000
0.066484	0.000000
0.052307	0.000000
0.047152	0.000000
0.040707	0.000000
0.035552	0.000000
0.029108	0.000000
0.020086	0.000000
0.017508	0.000000
0.014931	0.000000
0.012353	0.000000
0.012353	0.000000
0.009775	0.000000
0.008487	0.000000
0.007198	0.000000
0.005909	0.000000
0.004620	0.000000
0.004620	0.000000
0.003331	0.000000
0.003331	0.000000
0.002042	0.000000
0.003331	0.000000
0.003331	0.000000
0.002042	0.000000
0.002042	0.000000
0.002042	0.000000
0.002042	0.000000
0.000753	0.000000
0.002042	0.000000
0.000753	0.000000
0.000753	0.000000
0.002042	0.000000
0.002042	0.000000
0.000753	0.000000
0.000753	0.000000
0.000753	0.000000
0.002042	0.000000
0.000753	0.000000
0.000753	0.000000
0.000753	0.000000
0.000753	0.000000
0.000753	0.000000
-0.000535	0.000000
0.000753	0.000000
-0.000535	0.000000
0.000753	0.000000
0.002042	0.000000
0.000753	0.000000
0.000753	0.000000
0.000753	0.000000
0.000753	0.000000
0.000753	0.000000
0.000753	0.000000
0.000753	0.000000
0.000753	0.000000
0.002042	0.000000
0.000753	0.000000
0.000753	0.000000
-0.000535	0.000000
0.000753	0.000000
-0.000535	0.000000
0.000753	0.000000
0.000753	0.000000
0.002042	0.000000
0.000753	0.000000
-0.000535	0.000000
-0.000535	0.000000
-0.000535	0.000000
-0.000535	0.000000
0.000753	0.000000
0.000753	0.000000
0.000753	0.000000
0.000753	0.000000
0.000753	0.000000
0.000753	0.000000
0.000753	0.000000
0.000753	0.000000
-0.000535	0.000000
0.002042	0.000000
0.000753	0.000000
-0.000535	0.000000
0.000753	0.000000
0.000753	0.000000
0.000753	0.000000
-0.000535	0.000000
-0.000535	0.000000
0.000753	0.000000
0.000753	0.000000
0.000753	0.000000
0.000753	0.000000
0.000753	0.000000
0.000753	0.000000
0.000753	0.000000
0.000753	0.000000
-0.000535	0.000000
0.002042	0.000000
0.000753	0.000000
0.000753	0.000000
0.000753	0.000000
-0.000535	0.000000
0.000753	0.000000
0.000753	0.000000
-0.000535	0.000000
-0.001824	0.000000
0.000753	0.000000
-0.000535	0.000000
0.000753	0.000000
-0.000535	0.000000
0.000753	0.000000
-0.000535	0.000000
0.000753	0.000000
-0.000535	0.000000
0.000753	0.000000
-0.000535	0.000000
0.000753	0.000000
-0.000535	0.000000
0.000753	0.000000
-0.000535	0.000000
-0.000535	0.000000
0.000753	0.000000
0.000753	0.000000
-0.000535	0.000000
0.000753	0.000000
-0.000535	0.000000
0.000753	0.000000
-0.000535	0.000000
0.000753	0.000000
0.000753	0.000000
-0.000535	0.000000
0.000753	0.000000
-0.000535	0.000000
0.000753	0.000000
0.000753	0.000000
-0.000535	0.000000
-0.000535	0.000000
0.000753	0.000000
0.000753	0.000000
0.000753	0.000000
0.000753	0.000000
-0.000535	0.000000
-0.000535	0.000000
-0.000535	0.000000
0.000753	0.000000
0.000753	0.000000
0.000753	0.000000
-0.000535	0.000000
-0.000535	0.000000
-0.000535	0.000000
-0.000535	0.000000
-0.000535	0.000000
0.000753	0.000000
-0.000535	0.000000
-0.000535	0.000000
0.000753	0.000000
-0.000535	0.000000
-0.000535	0.000000
-0.000535	0.000000
0.000753	0.000000
-0.000535	0.000000
0.000753	0.000000
0.000753	0.000000
0.000753	0.000000
-0.000535	0.000000
-0.000535	0.000000
-0.000535	0.000000
-0.000535	0.000000
0.000753	0.000000
-0.000535	0.000000
-0.000535	0.000000
0.000753	0.000000
-0.000535	0.000000
-0.000535	0.000000
0.000753	0.000000
-0.000535	0.000000
-0.000535	0.000000
0.000753	0.000000
0.000753	0.000000
0.000753	0.000000
-0.000535	0.000000
-0.000535	0.000000
0.000753	0.000000
0.000753	0.000000
-0.000535	0.000000
0.000753	0.000000
-0.000535	0.000000
0.000753	0.000000
-0.000535	0.000000
0.000753	0.000000
0.000753	0.000000
0.000753	0.000000
0.000753	0.000000
-0.000535	0.000000
0.000753	0.000000
-0.000535	0.000000
-0.000535	0.000000
-0.000535	0.000000
0.002042	0.000000
0.000753	0.000000
-0.000535	0.000000
-0.000535	0.000000
-0.000535	0.000000
-0.000535	0.000000
0.000753	0.000000
0.000753	0.000000
-0.000535	0.000000
-0.000535	0.000000
0.000753	0.000000
-0.000535	0.000000
0.000753	0.000000
-0.000535	0.000000
-0.000535	0.000000
-0.000535	0.000000
-0.000535	0.000000
-0.000535	0.000000
-0.000535	0.000000
-0.000535	0.000000
-0.000535	0.000000
-0.000535	0.000000
-0.000535	0.000000
0.000753	0.000000
-0.000535	0.000000
0.000753	0.000000
0.000753	0.000000
0.000753	0.000000
-0.000535	0.000000
-0.000535	0.000000
0.000753	0.000000
-0.000535	0.000000
-0.000535	0.000000
-0.000535	0.000000
-0.000535	0.000000
-0.000535	0.000000
-0.000535	0.000000
0.000753	0.000000
-0.000535	0.000000
-0.000535	0.000000
-0.000535	0.000000
0.000753	0.000000
-0.000535	0.000000
-0.000535	0.000000
-0.000535	0.000000
-0.000535	0.000000
-0.000535	0.000000
-0.000535	0.000000
0.000753	0.000000
-0.000535	0.000000
0.000753	0.000000
-0.000535	0.000000
-0.000535	0.000000
-0.000535	0.000000
-0.000535	0.000000
0.000753	0.000000
0.000753	0.000000
0.000753	0.000000
0.000753	0.000000
0.000753	0.000000
-0.000535	0.000000
-0.000535	0.000000
-0.000535	0.000000
-0.000535	0.000000
-0.000535	0.000000
0.000753	0.000000
-0.000535	0.000000
-0.000535	0.000000
0.000753	0.000000
0.000753	0.000000
0.000753	0.000000
-0.000535	0.000000
0.000753	0.000000
0.000753	0.000000
0.000753	0.000000
0.000753	0.000000
-0.000535	0.000000
0.000753	0.000000
-0.000535	0.000000
-0.000535	0.000000
-0.000535	0.000000
-0.000535	0.000000
-0.000535	0.000000
-0.000535	0.000000
0.000753	0.000000
0.000753	0.000000
0.000753	0.000000
0.000753	0.000000
0.000753	0.000000
-0.000535	0.000000
-0.000535	0.000000
-0.000535	0.000000
-0.000535	0.000000
0.000753	0.000000
0.000753	0.000000
0.000753	0.000000
0.000753	0.000000
-0.000535	0.000000
0.000753	0.000000
-0.000535	0.000000
0.000753	0.000000
0.000753	0.000000
-0.000535	0.000000
-0.000535	0.000000
0.000753	0.000000
0.000753	0.000000
0.000753	0.000000
0.000753	0.000000
0.000753	0.000000
-0.000535	0.000000
0.000753	0.000000
-0.000535	0.000000
-0.000535	0.000000
-0.000535	0.000000
0.000753	0.000000
0.000753	0.000000
-0.000535	0.000000
-0.000535	0.000000
0.000753	0.000000
0.000753	0.000000
0.000753	0.000000
0.000753	0.000000
0.000753	0.000000
0.000753	0.000000
-0.000535	0.000000
0.000753	0.000000
0.000753	0.000000
0.000753	0.000000
0.000753	0.000000
-0.000535	0.000000
0.000753	0.000000
-0.000535	0.000000
-0.000535	0.000000
-0.000535	0.000000
-0.000535	0.000000
0.000753	0.000000
-0.000535	0.000000
-0.000535	0.000000
-0.000535	0.000000
0.000753	0.000000
0.000753	0.000000
0.000753	0.000000
-0.001824	0.000000
-0.000535	0.000000
0.000753	0.000000
0.000753	0.000000
0.000753	0.000000
-0.000535	0.000000
0.000753	0.000000
0.000753	0.000000
-0.000535	0.000000
-0.000535	0.000000
0.000753	0.000000
0.000753	0.000000
-0.000535	0.000000
0.000753	0.000000
0.000753	0.000000
-0.000535	0.000000
-0.000535	0.000000
-0.000535	0.000000
0.000753	0.000000
0.000753	0.000000
-0.000535	0.000000
-0.000535	0.000000
0.000753	0.000000
-0.000535	0.000000
-0.000535	0.000000
0.000753	0.000000
-0.000535	0.000000
0.000753	0.000000
-0.000535	0.000000
-0.000535	0.000000
-0.000535	0.000000
0.000753	0.000000
0.000753	0.000000
0.000753	0.000000
-0.000535	0.000000
0.000753	0.000000
-0.000535	0.000000
0.000753	0.000000
-0.000535	0.000000
0.000753	0.000000
-0.000535	0.000000
-0.000535	0.000000
0.000753	0.000000
-0.000535	0.000000
-0.000535	0.000000
-0.000535	0.000000
0.000753	0.000000
-0.000535	0.000000
-0.000535	0.000000
0.000753	0.000000
-0.000535	0.000000
0.000753	0.000000
-0.000535	0.000000
0.000753	0.000000
-0.000535	0.000000
0.000753	0.000000
-0.000535	0.000000
0.000753	0.000000
0.000753	0.000000
-0.000535	0.000000
0.000753	0.000000
0.000753	0.000000
0.000753	0.000000
-0.000535	0.000000
0.000753	0.000000
-0.000535	0.000000
-0.000535	0.000000
0.000753	0.000000
-0.000535	0.000000
-0.000535	0.000000
-0.000535	0.000000
0.000753	0.000000
-0.000535	0.000000
0.000753	0.000000
-0.000535	0.000000
-0.001824	0.000000
-0.000535	0.000000
0.000753	0.000000
0.000753	0.000000
-0.000535	0.000000
-0.000535	0.000000
0.000753	0.000000
0.000753	0.000000
-0.000535	0.000000
-0.000535	0.000000
-0.000535	0.000000
0.000753	0.000000
0.000753	0.000000
0.000753	0.000000
0.000753	0.000000
0.000753	0.000000
0.000753	0.000000
0.000753	0.000000
-0.000535	0.000000
0.000753	0.000000
-0.000535	0.000000
-0.000535	0.000000
-0.000535	0.000000
0.000753	0.000000
0.000753	0.000000
-0.000535	0.000000
-0.000535	0.000000
-0.000535	0.000000
0.000753	0.000000
0.000753	0.000000
-0.000535	0.000000
0.000753	0.000000
-0.000535	0.000000
0.000753	0.000000
-0.000535	0.000000
0.000753	0.000000
-0.000535	0.000000
0.000753	0.000000
-0.000535	0.000000
-0.000535	0.000000
0.000753	0.000000
-0.000535	0.000000
-0.000535	0.000000
-0.000535	0.000000
0.000753	0.000000
-0.000535	0.000000
0.000753	0.000000
0.000753	0.000000
-0.000535	0.000000
-0.000535	0.000000
-0.000535	0.000000
-0.000535	0.000000
-0.000535	0.000000
0.000753	0.000000
-0.000535	0.000000
0.000753	0.000000
-0.000535	0.000000
-0.000535	0.000000
-0.000535	0.000000
-0.000535	0.000000
0.000753	0.000000
-0.000535	0.000000
0.000753	0.000000
-0.000535	0.000000
0.000753	0.000000
-0.000535	0.000000
0.000753	0.000000
0.000753	0.000000
-0.000535	0.000000
0.000753	0.000000
0.000753	0.000000
-0.000535	0.000000
-0.000535	0.000000
-0.000535	0.000000
-0.000535	0.000000
0.000753	0.000000
0.000753	0.000000
-0.000535	0.000000
-0.000535	0.000000
-0.000535	0.000000
0.000753	0.000000
-0.000535	1.000000
0.035552	1.000000
0.066484	1.000000
0.076795	1.000000
0.098705	1.000000
0.130926	1.000000
0.143814	1.000000
0.155414	1.000000
0.170880	1.000000
0.174746	1.000000
0.191501	1.000000
0.197945	1.000000
0.203101	1.000000
0.204389	1.000000
0.205678	1.000000
0.209545	1.000000
0.209545	1.000000
0.210834	1.000000
0.212122	1.000000
0.213411	1.000000
0.213411	1.000000
0.213411	1.000000
0.213411	1.000000
0.214700	1.000000
0.213411	1.000000
0.214700	1.000000
0.214700	1.000000
0.214700	1.000000
0.213411	1.000000
0.214700	1.000000
0.214700	1.000000
0.214700	1.000000
0.214700	1.000000
0.214700	1.000000
0.214700	1.000000
0.214700	1.000000
0.214700	1.000000
0.214700	1.000000
0.214700	1.000000
0.214700	1.000000
0.214700	1.000000
0.215989	1.000000
0.214700	1.000000
0.215989	1.000000
0.214700	1.000000
0.214700	1.000000
0.214700	1.000000
0.214700	1.000000
0.215989	1.000000
0.215989	1.000000
0.214700	1.000000
0.214700	1.000000
0.214700	1.000000
0.214700	1.000000
0.214700	1.000000
0.214700	1.000000
0.215989	1.000000
0.215989	1.000000
0.214700	1.000000
0.214700	1.000000
0.214700	1.000000
0.214700	1.000000
0.215989	1.000000
0.215989	1.000000
0.214700	1.000000
0.215989	1.000000
0.214700	1.000000
0.214700	1.000000
0.215989	1.000000
0.215989	1.000000
0.215989	1.000000
0.214700	1.000000
0.215989	1.000000
0.215989	1.000000
0.214700	1.000000
0.215989	1.000000
0.214700	1.000000
0.215989	1.000000
0.214700	1.000000
0.215989	1.000000
0.215989	1.000000
0.214700	1.000000
0.215989	1.000000
0.214700	1.000000
0.215989	1.000000
0.214700	1.000000
0.214700	1.000000
0.214700	1.000000
0.214700	1.000000
0.215989	1.000000
0.214700	1.000000
0.214700	1.000000
0.215989	1.000000
0.214700	1.000000
0.214700	1.000000
0.214700	1.000000
0.215989	1.000000
0.215989	1.000000
0.215989	1.000000
0.215989	1.000000
0.214700	1.000000
0.215989	1.000000
0.214700	1.000000
0.214700	1.000000
0.215989	1.000000
0.215989	1.000000
0.215989	1.000000
0.215989	1.000000
0.215989	1.000000
0.215989	1.000000
0.214700	1.000000
0.214700	1.000000
0.215989	1.000000
0.215989	1.000000
0.215989	1.000000
0.215989	1.000000
0.214700	1.000000
0.214700	1.000000
0.215989	1.000000
0.215989	1.000000
0.215989	1.000000
0.215989	1.000000
0.215989	1.000000
0.215989	1.000000
0.215989	1.000000
0.215989	1.000000
0.214700	1.000000
0.215989	1.000000
0.215989	1.000000
0.215989	1.000000
0.215989	1.000000
0.215989	1.000000
0.215989	1.000000
0.215989	1.000000
0.215989	1.000000
0.215989	1.000000
0.214700	1.000000
0.215989	1.000000
0.214700	1.000000
0.215989	1.000000
0.215989	1.000000
0.214700	1.000000
0.214700	1.000000
0.215989	1.000000
0.215989	1.000000
0.215989	1.000000
0.214700	1.000000
0.214700	1.000000
0.214700	1.000000
0.215989	1.000000
0.215989	1.000000
0.215989	1.000000
0.217278	1.000000
0.214700	1.000000
0.214700	1.000000
0.214700	1.000000
0.215989	1.000000
0.215989	1.000000
0.215989	1.000000
0.215989	1.000000
0.215989	1.000000
0.215989	1.000000
0.215989	1.000000
0.214700	1.000000
0.215989	1.000000
0.215989	1.000000
0.215989	1.000000
0.215989	1.000000
0.215989	1.000000
0.215989	1.000000
0.215989	1.000000
0.215989	1.000000
0.215989	1.000000
0.215989	1.000000
0.214700	1.000000
0.215989	1.000000
0.214700	1.000000
0.215989	1.000000
0.214700	1.000000
0.215989	1.000000
0.215989	1.000000
0.215989	1.000000
0.214700	1.000000
0.214700	1.000000
0.217278	1.000000
0.215989	1.000000
0.214700	1.000000
0.215989	1.000000
0.214700	1.000000
0.215989	1.000000
0.215989	1.000000
0.215989	1.000000
0.215989	1.000000
0.215989	1.000000
0.214700	1.000000
0.215989	1.000000
0.215989	1.000000
0.215989	1.000000
0.214700	1.000000
0.215989	1.000000
0.215989	1.000000
0.214700	1.000000
0.215989	1.000000
0.215989	1.000000
0.215989	1.000000
0.215989	1.000000
0.214700	1.000000
0.214700	1.000000
0.214700	1.000000
0.215989	1.000000
0.215989	1.000000
0.215989	1.000000
0.215989	1.000000
0.214700	1.000000
0.215989	1.000000
0.215989	1.000000
0.215989	1.000000
0.215989	1.000000
0.215989	1.000000
0.215989	1.000000
0.215989	1.000000
0.217278	1.000000
0.215989	1.000000
0.215989	1.000000
0.215989	1.000000
0.214700	1.000000
0.215989	1.000000
0.215989	1.000000
0.215989	1.000000
0.214700	1.000000
0.215989	1.000000
0.213411	1.000000
0.215989	1.000000
0.214700	1.000000
0.215989	1.000000
0.215989	1.000000
0.214700	1.000000
0.214700	1.000000
0.214700	1.000000
0.214700	1.000000
0.215989	1.000000
0.215989	1.000000
0.215989	1.000000
0.215989	1.000000
0.214700	1.000000
0.214700	1.000000
0.215989	1.000000
0.214700	1.000000
0.214700	1.000000
0.214700	1.000000
0.215989	1.000000
0.214700	1.000000
0.215989	1.000000
0.215989	1.000000
0.215989	1.000000
0.214700	1.000000
0.215989	1.000000
0.215989	1.000000
0.214700	1.000000
0.215989	1.000000
0.215989	1.000000
0.215989	1.000000
0.215989	1.000000
0.217278	1.000000
0.215989	1.000000
0.215989	1.000000
0.214700	1.000000
0.215989	1.000000
0.215989	1.000000
0.215989	1.000000
0.214700	1.000000
0.215989	1.000000
0.215989	1.000000
0.215989	1.000000
0.215989	1.000000
0.215989	1.000000
0.214700	1.000000
0.214700	1.000000
0.214700	1.000000
0.215989	1.000000
0.215989	1.000000
0.214700	1.000000
0.215989	1.000000
0.215989	1.000000
0.215989	1.000000
0.217278	1.000000
0.214700	1.000000
0.215989	1.000000
0.215989	1.000000
0.215989	1.000000
0.215989	1.000000
0.215989	1.000000
0.214700	1.000000
0.215989	1.000000
0.215989	1.000000
0.215989	1.000000
0.215989	1.000000
0.215989	1.000000
0.215989	1.000000
0.215989	1.000000
0.214700	1.000000
0.214700	1.000000
0.214700	1.000000
0.215989	1.000000
0.215989	1.000000
0.215989	1.000000
0.215989	1.000000
0.215989	1.000000
0.215989	1.000000
0.215989	1.000000
0.217278	1.000000
0.214700	1.000000
0.215989	1.000000
0.215989	1.000000
0.215989	1.000000
0.215989	1.000000
0.214700	1.000000
0.214700	1.000000
0.215989	1.000000
0.215989	1.000000
0.214700	1.000000
0.215989	1.000000
0.217278	1.000000
0.215989	1.000000
0.214700	1.000000
0.214700	1.000000
0.215989	1.000000
0.214700	1.000000
0.215989	1.000000
0.214700	1.000000
0.214700	1.000000
0.215989	1.000000
0.215989	1.000000
0.215989	1.000000
0.215989	1.000000
0.214700	1.000000
0.215989	1.000000
0.215989	1.000000
0.215989	1.000000
0.215989	1.000000
0.215989	1.000000
0.215989	1.000000
0.215989	1.000000
0.214700	1.000000
0.214700	1.000000
0.215989	1.000000
0.215989	1.000000
0.215989	1.000000
0.214700	1.000000
0.215989	1.000000
0.214700	1.000000
0.215989	1.000000
0.215989	1.000000
0.215989	1.000000
0.214700	1.000000
0.214700	1.000000
0.215989	1.000000
0.215989	1.000000
0.214700	1.000000
0.215989	1.000000
0.215989	1.000000
0.215989	1.000000
0.215989	1.000000
0.215989	1.000000
0.215989	1.000000
0.214700	1.000000
0.215989	1.000000
0.215989	1.000000
0.214700	1.000000
0.214700	1.000000
0.215989	1.000000
0.215989	1.000000
0.215989	1.000000
0.215989	1.000000
0.214700	1.000000
0.215989	1.000000
0.215989	1.000000
0.215989	1.000000
0.215989	1.000000
0.215989	1.000000
0.215989	1.000000
0.214700	1.000000
0.215989	1.000000
0.214700	1.000000
0.215989	1.000000
0.214700	1.000000
0.214700	1.000000
0.215989	1.000000
0.214700	1.000000
0.215989	1.000000
0.215989	1.000000
0.214700	1.000000
0.215989	1.000000
0.217278	1.000000
0.215989	1.000000
0.214700	1.000000
0.215989	1.000000
0.215989	1.000000
0.214700	1.000000
0.215989	1.000000
0.214700	1.000000
0.215989	1.000000
0.214700	1.000000
0.217278	1.000000
0.215989	1.000000
0.215989	1.000000
0.215989	1.000000
0.215989	1.000000
0.215989	1.000000
0.215989	1.000000
0.215989	1.000000
0.214700	1.000000
0.215989	1.000000
0.215989	1.000000
0.215989	1.000000
0.215989	1.000000
0.215989	1.000000
0.215989	1.000000
0.214700	1.000000
0.215989	1.000000
0.215989	1.000000
0.215989	1.000000
0.215989	1.000000
0.215989	1.000000
0.215989	1.000000
0.215989	1.000000
0.214700	1.000000
0.215989	1.000000
0.215989	1.000000
0.215989	1.000000
0.214700	1.000000
0.215989	1.000000
0.215989	1.000000
0.215989	1.000000
0.214700	1.000000
0.215989	1.000000
0.215989	1.000000
0.214700	1.000000
0.214700	1.000000
0.215989	1.000000
0.215989	1.000000
0.215989	1.000000
0.215989	1.000000
0.214700	1.000000
0.215989	1.000000
0.214700	1.000000
0.215989	1.000000
0.215989	1.000000
0.215989	1.000000
0.215989	1.000000
0.215989	1.000000
0.215989	1.000000
0.214700	1.000000
0.215989	1.000000
0.214700	1.000000
0.215989	1.000000
0.214700	1.000000
0.215989	1.000000
0.215989	1.000000
0.214700	1.000000
0.215989	1.000000
0.215989	1.000000
0.215989	1.000000
0.214700	1.000000
0.215989	1.000000
0.215989	1.000000
0.215989	1.000000
0.215989	1.000000
0.214700	1.000000
0.215989	1.000000
0.214700	1.000000
0.215989	1.000000
0.215989	1.000000
0.214700	1.000000
0.215989	1.000000
0.214700	1.000000
0.214700	1.000000
0.215989	1.000000
0.215989	1.000000
0.215989	1.000000
0.215989	1.000000
0.215989	1.000000
0.215989	1.000000
0.215989	1.000000
0.215989	1.000000
0.215989	1.000000
0.215989	1.000000
0.215989	1.000000
0.214700	1.000000
0.214700	1.000000
0.215989	1.000000
0.215989	1.000000
0.214700	1.000000
0.215989	1.000000
0.214700	1.000000
0.215989	1.000000
0.214700	1.000000
0.215989	1.000000
0.215989	1.000000
0.215989	1.000000
0.199234	0.000000
0.179902	0.000000
0.152836	0.000000
0.129637	0.000000
0.109016	0.000000
0.092261	0.000000
0.066484	0.000000
0.061329	0.000000
0.052307	0.000000
0.045863	0.000000
0.035552	0.000000
0.030397	0.000000
0.027819	0.000000
0.023953	0.000000
0.020086	0.000000
0.017508	0.000000
0.013642	0.000000
0.012353	0.000000
0.012353	0.000000
0.009775	0.000000
0.008487	0.000000
0.007198	0.000000
0.004620	0.000000
0.004620	0.000000
0.004620	0.000000
0.003331	0.000000
0.002042	0.000000
0.003331	0.000000
0.003331	0.000000
0.002042	0.000000
0.002042	0.000000
0.003331	0.000000
0.002042	0.000000
0.002042	0.000000
0.000753	0.000000
0.002042	0.000000
0.002042	0.000000
0.000753	0.000000
0.002042	0.000000
0.002042	0.000000
0.000753	0.000000
0.000753	0.000000
0.000753	0.000000
0.000753	0.000000
0.000753	0.000000
0.002042	0.000000
0.002042	0.000000
0.000753	0.000000
0.002042	0.000000
0.000753	0.000000
0.000753	0.000000
0.000753	0.000000
0.000753	0.000000
0.000753	0.000000
0.000753	0.000000
0.000753	0.000000
0.000753	0.000000
0.000753	0.000000
0.000753	0.000000
0.000753	0.000000
0.000753	0.000000
-0.000535	0.000000
0.000753	0.000000
0.000753	0.000000
0.000753	0.000000
0.000753	0.000000
0.000753	0.000000
-0.000535	0.000000
0.000753	0.000000
0.000753	0.000000
0.000753	0.000000
0.000753	0.000000
0.000753	0.000000
0.000753	0.000000
0.000753	0.000000
0.000753	0.000000
-0.000535	0.000000
0.002042	0.000000
0.000753	0.000000
-0.000535	0.000000
-0.000535	0.000000
0.000753	0.000000
0.000753	0.000000
0.000753	0.000000
0.000753	0.000000
0.000753	0.000000
0.000753	0.000000
0.000753	0.000000
-0.000535	0.000000
0.000753	0.000000
-0.000535	0.000000
-0.000535	0.000000
0.000753	0.000000
0.000753	0.000000
-0.000535	0.000000
0.000753	0.000000
0.000753	0.000000
0.000753	0.000000
-0.000535	0.000000
-0.000535	0.000000
0.000753	0.000000
-0.000535	0.000000
-0.000535	0.000000
-0.000535	0.000000
0.000753	0.000000
0.000753	0.000000
0.000753	0.000000
0.000753	0.000000
0.000753	0.000000
0.000753	0.000000
-0.000535	0.000000
0.000753	0.000000
-0.000535	0.000000
0.000753	0.000000
0.000753	0.000000
0.000753	0.000000
0.000753	0.000000
0.000753	0.000000
0.000753	0.000000
0.000753	0.000000
0.000753	0.000000
-0.000535	0.000000
-0.000535	0.000000
0.000753	0.000000
0.000753	0.000000
0.000753	0.000000
0.000753	0.000000
-0.000535	0.000000
-0.000535	0.000000
0.000753	0.000000
-0.000535	0.000000
-0.000535	0.000000
0.000753	0.000000
-0.000535	0.000000
0.000753	0.000000
-0.000535	0.000000
-0.000535	0.000000
0.000753	0.000000
0.000753	0.000000
-0.000535	0.000000
-0.000535	0.000000
0.000753	0.000000
0.002042	0.000000
0.000753	0.000000
-0.000535	0.000000
0.000753	0.000000
0.000753	0.000000
0.000753	0.000000
0.000753	0.000000
0.000753	0.000000
0.000753	0.000000
0.000753	0.000000
-0.000535	0.000000
-0.000535	0.000000
-0.000535	0.000000
-0.000535	0.000000
-0.000535	0.000000
0.000753	0.000000
0.000753	0.000000
0.000753	0.000000
-0.000535	0.000000
0.000753	0.000000
0.000753	0.000000
0.000753	0.000000
0.000753	0.000000
0.000753	0.000000
0.000753	0.000000
-0.000535	0.000000
-0.000535	0.000000
0.000753	0.000000
0.000753	0.000000
0.000753	0.000000
-0.000535	0.000000
0.000753	0.000000
-0.000535	0.000000
0.000753	0.000000
0.000753	0.000000
-0.000535	0.000000
0.000753	0.000000
-0.000535	0.000000
-0.000535	0.000000
-0.000535	0.000000
-0.000535	0.000000
-0.000535	0.000000
-0.000535	0.000000
0.000753	0.000000
0.000753	0.000000
0.000753	0.000000
0.000753	0.000000
-0.000535	0.000000
0.000753	0.000000
-0.000535	0.000000
0.000753	0.000000
-0.000535	0.000000
0.000753	0.000000
-0.000535	0.000000
0.000753	0.000000
-0.000535	0.000000
0.000753	0.000000
-0.000535	0.000000
0.000753	0.000000
-0.000535	0.000000
-0.000535	0.000000
-0.000535	0.000000
0.000753	0.000000
0.000753	0.000000
-0.000535	0.000000
-0.000535	0.000000
0.000753	0.000000
0.000753	0.000000
-0.000535	0.000000
0.000753	0.000000
0.000753	0.000000
-0.000535	0.000000
-0.000535	0.000000
-0.000535	0.000000
-0.000535	0.000000
-0.000535	0.000000
0.000753	0.000000
-0.000535	0.000000
0.000753	0.000000
0.000753	0.000000
-0.000535	0.000000
0.000753	0.000000
0.000753	0.000000
0.000753	0.000000
-0.000535	0.000000
0.000753	0.000000
0.000753	0.000000
-0.000535	0.000000
-0.000535	0.000000
-0.000535	0.000000
0.000753	0.000000
0.000753	0.000000
0.000753	0.000000
0.000753	0.000000
0.000753	0.000000
-0.000535	0.000000
0.000753	0.000000
0.000753	0.000000
-0.000535	0.000000
0.000753	0.000000
0.000753	0.000000
-0.000535	0.000000
0.000753	0.000000
0.000753	0.000000
-0.000535	0.000000
-0.000535	0.000000
-0.000535	0.000000
-0.000535	0.000000
0.000753	0.000000
-0.000535	0.000000
-0.000535	0.000000
0.000753	0.000000
-0.000535	0.000000
0.000753	0.000000
0.000753	0.000000
-0.000535	0.000000
0.000753	0.000000
-0.000535	0.000000
-0.000535	0.000000
0.000753	0.000000
0.000753	0.000000
0.000753	0.000000
0.000753	0.000000
0.000753	0.000000
0.000753	0.000000
0.000753	0.000000
0.000753	0.000000
0.000753	0.000000
-0.000535	0.000000
-0.000535	0.000000
0.000753	0.000000
-0.000535	0.000000
0.000753	0.000000
-0.000535	0.000000
0.000753	0.000000
0.000753	0.000000
-0.000535	0.000000
0.000753	0.000000
0.000753	0.000000
0.000753	0.000000
-0.000535	0.000000
-0.000535	0.000000
-0.000535	0.000000
-0.000535	0.000000
0.000753	0.000000
0.000753	0.000000
0.000753	0.000000
-0.000535	0.000000
-0.000535	0.000000
-0.000535	0.000000
0.000753	0.000000
0.000753	0.000000
-0.000535	0.000000
0.000753	0.000000
-0.000535	0.000000
-0.000535	0.000000
-0.000535	0.000000
0.000753	0.000000
0.000753	0.000000
-0.000535	0.000000
-0.000535	0.000000
-0.000535	0.000000
-0.000535	0.000000
-0.000535	0.000000
-0.000535	0.000000
-0.000535	0.000000
0.000753	0.000000
-0.000535	0.000000
-0.000535	0.000000
-0.000535	0.000000
-0.000535	0.000000
0.000753	0.000000
0.000753	0.000000
-0.000535	0.000000
0.000753	0.000000
0.000753	0.000000
-0.000535	0.000000
-0.000535	0.000000
0.002042	0.000000
0.000753	0.000000
-0.000535	0.000000
-0.000535	0.000000
-0.000535	0.000000
0.000753	0.000000
-0.000535	0.000000
0.000753	0.000000
-0.000535	0.000000
0.000753	0.000000
-0.000535	0.000000
0.000753	0.000000
-0.000535	0.000000
0.000753	0.000000
-0.000535	0.000000
-0.000535	0.000000
-0.000535	0.000000
0.000753	0.000000
-0.000535	0.000000
-0.000535	0.000000
-0.000535	0.000000
0.000753	0.000000
-0.000535	0.000000
0.000753	0.000000
0.000753	0.000000
0.000753	0.000000
-0.000535	0.000000
-0.000535	0.000000
0.000753	0.000000
-0.000535	0.000000
0.000753	0.000000
-0.000535	0.000000
-0.000535	0.000000
-0.000535	0.000000
0.000753	0.000000
0.000753	0.000000
0.000753	0.000000
0.000753	0.000000
0.000753	0.000000
0.000753	0.000000
0.000753	0.000000
-0.000535	0.000000
-0.000535	0.000000
-0.000535	0.000000
-0.000535	0.000000
-0.000535	0.000000
-0.000535	0.000000
-0.000535	0.000000
-0.000535	0.000000
-0.000535	0.000000
-0.000535	0.000000
-0.000535	0.000000
-0.000535	0.000000
-0.000535	0.000000
-0.000535	0.000000
0.000753	0.000000
-0.000535	0.000000
-0.000535	0.000000
0.002042	0.000000
0.000753	0.000000
-0.000535	0.000000
0.000753	0.000000
0.000753	0.000000
-0.000535	0.000000
0.000753	0.000000
0.000753	0.000000
0.000753	0.000000
0.000753	0.000000
-0.000535	0.000000
0.000753	0.000000
-0.000535	0.000000
0.000753	0.000000
0.000753	0.000000
0.000753	0.000000
0.000753	0.000000
-0.000535	0.000000
-0.000535	0.000000
0.000753	0.000000
-0.000535	0.000000
0.000753	0.000000
0.000753	0.000000
0.000753	0.000000
0.000753	0.000000
0.000753	0.000000
-0.000535	0.000000
0.000753	0.000000
-0.000535	0.000000
-0.000535	0.000000
0.000753	0.000000
0.000753	0.000000
-0.000535	0.000000
-0.000535	0.000000
-0.000535	0.000000
0.000753	0.000000
-0.000535	0.000000
-0.000535	0.000000
0.000753	0.000000
-0.000535	0.000000
-0.000535	0.000000
-0.000535	0.000000
0.000753	0.000000
-0.000535	0.000000
-0.000535	0.000000
-0.000535	0.000000
-0.000535	0.000000
-0.000535	0.000000
-0.000535	0.000000
-0.000535	0.000000
-0.000535	0.000000
0.000753	0.000000
0.000753	0.000000
0.000753	0.000000
-0.000535	0.000000
0.000753	0.000000
-0.000535	0.000000
-0.000535	0.000000
0.000753	0.000000
-0.000535	0.000000
-0.001824	0.000000
-0.000535	0.000000
-0.000535	0.000000
-0.000535	0.000000
-0.000535	0.000000
0.000753	0.000000
0.000753	0.000000
